1	2	1
2	3	2
3	4	3
2	12	2
12	13	3
2	21	2
21	22	3
2	32	2
32	33	3
2	41	2
2	49	2
2	57	2
57	58	3
2	66	2
66	67	3
2	77	2
77	78	3
2	86	2
86	87	3
2	95	2
95	96	3
2	104	2
2	112	2
2	120	2
2	128	2
128	129	3
2	137	2
137	138	3
2	146	2
2	154	2
154	155	3
2	163	2
163	164	3
2	172	2
172	173	3
2	181	2
2	189	2
189	190	3
2	198	2
198	199	3
2	207	2
207	208	3
2	216	2
216	217	3
2	225	1
2	226	2
226	227	3
2	231	2
231	232	3
2	242	2
242	243	3
242	247	3
2	251	2
251	252	3
2	256	2
2	260	2
260	261	3
260	265	3
2	269	2
269	270	3
2	274	1
2	275	2
275	276	3
2	280	2
280	281	3
2	291	2
291	292	3
2	299	2
299	300	3
2	304	2
2	308	2
2	312	2
2	316	2
316	317	3
2	321	2
2	325	2
2	329	2
329	330	3
2	334	2
2	338	2
338	339	3
2	343	1
2	344	2
344	345	3
2	355	2
355	356	3
355	360	3
2	364	1
2	365	2
365	366	3
2	370	2
2	374	2
2	378	2
2	385	2
2	389	2
2	393	2
2	397	1
2	398	2
398	399	3
2	409	2
409	410	3
2	417	2
417	418	3
2	422	1
2	423	2
423	424	3
2	428	1
2	429	2
429	430	3
2	437	2
437	438	3
2	442	2
2	446	2
2	453	2
2	457	1
2	458	2
458	459	3
2	463	2
2	467	2
2	474	2
2	478	2
2	482	2
2	486	1
2	487	2
487	488	3
2	492	2
2	499	2
2	503	2
503	504	3
2	511	2
511	512	3
2	516	2
2	520	1
2	521	2
521	522	3
2	526	2
2	530	2
2	534	2
2	538	2
2	542	1
542	543	2
543	544	3
542	551	2
542	555	2
555	556	3
542	560	2
560	561	3
542	565	2
565	566	3
542	570	2
542	574	2
542	578	2
542	582	2
582	583	3
542	591	2
542	595	2
595	596	3
542	604	2
604	605	3
542	613	2
613	614	3
542	622	2
622	623	3
542	631	2
542	639	1
542	640	2
640	641	3
542	645	2
542	652	1
542	653	2
653	654	3
542	658	2
542	662	2
542	672	2
672	673	3
2	681	1
681	682	1
682	683	2
683	684	3
682	688	2
688	689	3
682	699	1
682	700	2
700	701	3
682	708	2
682	712	2
712	713	3
682	720	2
720	721	3
682	725	1
682	726	2
726	727	3
682	734	2
734	735	3
682	742	1
682	743	2
743	744	3
682	751	1
682	752	2
752	753	3
682	757	1
682	758	2
758	759	3
682	763	2
763	764	3
763	768	3
682	772	1
682	773	2
773	774	3
682	781	2
682	785	2
682	789	2
682	793	2
682	797	2
682	801	2
682	808	2
681	812	1
812	813	2
813	814	3
812	818	2
818	819	3
812	829	1
812	830	2
830	831	3
812	838	2
838	839	3
812	843	1
812	844	2
844	845	3
812	852	1
812	853	2
853	854	3
812	858	2
858	859	3
858	863	3
812	867	1
812	868	2
868	869	3
812	876	2
812	880	2
812	884	2
812	888	2
812	892	2
812	896	2
812	903	2
681	907	1
907	908	2
908	909	3
907	913	2
913	914	3
907	924	1
907	925	2
925	926	3
907	930	2
930	931	3
930	935	3
2	939	1
939	940	1
940	941	2
941	942	3
939	950	1
950	951	2
951	952	3
950	956	2
950	960	2
950	968	2
950	976	2
950	984	1
950	985	2
985	986	3
950	990	2
990	991	3
950	995	2
995	996	3
950	1000	2
1000	1001	3
950	1005	2
950	1009	2
950	1013	1
950	1014	2
1014	1015	3
1014	1019	3
950	1023	2
1023	1024	3
950	1028	2
950	1032	2
950	1039	2
950	1043	1
950	1044	2
1044	1045	3
950	1049	2
1049	1050	3
950	1060	2
1060	1061	3
950	1065	2
950	1069	2
1069	1070	3
950	1074	2
950	1078	2
1078	1079	3
950	1083	2
1083	1084	3
950	1088	1
950	1089	2
1089	1090	3
950	1094	2
950	1098	2
950	1102	2
950	1106	2
950	1110	2
950	1114	2
950	1121	1
950	1122	2
1122	1123	3
950	1130	2
1130	1131	3
950	1135	2
950	1139	2
1139	1140	3
950	1144	2
1144	1145	3
950	1149	2
950	1153	2
2	1157	1
1157	1158	1
1157	1159	2
1159	1160	3
1157	1164	2
1157	1168	2
1168	1169	3
1157	1173	2
1157	1177	2
1177	1178	3
1157	1182	1
1157	1183	2
1183	1184	3
1157	1191	2
1157	1195	2
1195	1196	3
1157	1200	2
1157	1207	1
1157	1208	2
1208	1209	3
1157	1216	2
1216	1217	3
1157	1224	2
1224	1225	3
1157	1229	2
1229	1230	3
1157	1234	2
1157	1238	1
1238	1239	1
1238	1240	2
1240	1241	3
1238	1245	2
1238	1252	2
1252	1253	3
1238	1257	2
1238	1261	2
1261	1262	3
1238	1266	1
1238	1267	2
1267	1268	3
1238	1272	2
1238	1279	2
1238	1283	2
1283	1284	3
1238	1288	2
1	1295	1
1295	1296	2
1295	1301	2
1295	1304	2
1295	1307	2
1295	1310	2
1295	1317	2
1295	1324	2
1295	1331	2
1295	1338	2
1295	1345	1
1295	1346	2
1295	1353	1
1295	1354	2
1295	1357	2
1295	1360	1
1360	1361	2
1360	1364	2
1360	1367	2
1295	1372	1
1372	1373	1
1372	1374	2
1372	1377	2
1372	1380	2
1	1383	1
1383	1384	1
1383	1385	2
1383	1390	2
1383	1393	2
1383	1398	2
1383	1401	2
1383	1406	1
1383	1407	2
1383	1410	1
1383	1411	2
1383	1414	1
1383	1415	2
1383	1420	2
1383	1423	2
1383	1426	2
1383	1431	2
1383	1434	1
1383	1435	2
1383	1440	2
1383	1445	2
1383	1450	2
1383	1455	2
1383	1460	2
1383	1465	2
1383	1469	2
1383	1474	2
1383	1479	2
1383	1484	2
1383	1489	2
1383	1494	2
1383	1499	2
1383	1504	1
1504	1505	1
1504	1506	2
1504	1511	2
1504	1514	2
1504	1519	2
1504	1522	2
1504	1527	1
1504	1528	2
1504	1533	2
1383	1538	1
1538	1539	1
1538	1540	2
1538	1543	2
1538	1546	2
1538	1551	2
1538	1556	2
1538	1559	1
1538	1560	2
1538	1563	2
1538	1566	2
1538	1573	2
1538	1578	1
1538	1579	2
1538	1584	2
1383	1589	1
1589	1590	1
1590	1591	1
1590	1592	2
1590	1597	2
1590	1600	2
1590	1603	1
1590	1604	2
1590	1607	2
1590	1610	1
1590	1611	2
1590	1616	1
1590	1617	2
1590	1620	1
1590	1621	2
1590	1624	2
1590	1629	1
1590	1630	2
1590	1635	2
1590	1638	2
1590	1641	2
1590	1644	2
1590	1647	2
1590	1650	2
1590	1655	2
1383	1658	1
1658	1659	1
1659	1660	1
1659	1661	2
1659	1666	2
1659	1669	2
1659	1672	1
1659	1673	2
1659	1678	2
1659	1683	1
1659	1684	2
1659	1687	2
1659	1690	2
1659	1693	2
1659	1696	1
1659	1697	2
1659	1702	2
1659	1705	2
1659	1710	2
1383	1713	1
1713	1714	1
1714	1715	2
1714	1718	2
1714	1721	1
1714	1722	2
1714	1725	2
1714	1728	1
1714	1729	2
1714	1732	2
1713	1735	1
1735	1736	2
1735	1739	1
1735	1740	2
1735	1743	1
1735	1744	2
1713	1747	1
1747	1748	2
1747	1753	2
1747	1758	2
1747	1761	2
1747	1764	2
1767	1768	1
1768	1769	2
1768	1772	2
1768	1775	2
1768	1778	2
1768	1781	2
1768	1784	2
1768	1787	2
1768	1794	2
1768	1801	1
1768	1802	2
1768	1805	2
1768	1808	2
1768	1811	1
1768	1812	2
1768	1819	1
1768	1820	2
1768	1823	2
1768	1826	2
1768	1829	1
1768	1830	2
1768	1833	2
1768	1838	1
1768	1839	2
1768	1842	2
1768	1845	1
1768	1846	2
1768	1849	2
1768	1854	2
1768	1857	2
1768	1862	1
1768	1863	2
1768	1866	1
1768	1867	2
1768	1870	2
1768	1873	1
1768	1874	2
1768	1881	1
1768	1882	2
1768	1889	2
1768	1892	2
1768	1899	2
1768	1902	2
1768	1905	2
1768	1908	2
1768	1915	1
1915	1916	1
1916	1917	1
1916	1918	2
1916	1921	1
1916	1922	2
1916	1927	1
1916	1928	2
1916	1931	1
1916	1932	2
1916	1935	2
1916	1942	2
1916	1949	2
1916	1956	2
1916	1963	2
1916	1970	1
1916	1971	2
1916	1974	2
1916	1977	2
1916	1980	2
1916	1983	1
1916	1984	2
1916	1987	1
1916	1988	2
1916	1991	2
1916	1998	1
1916	1999	2
1916	2002	1
1916	2003	2
1916	2006	1
1916	2007	2
1916	2010	1
1916	2011	2
1916	2014	2
1916	2019	1
1916	2020	2
1916	2025	1
1916	2026	2
1916	2031	1
1916	2032	2
1915	2035	1
2035	2036	2
2035	2039	2
2035	2042	2
2035	2045	2
2035	2048	1
2035	2049	2
2035	2052	1
2035	2053	2
2035	2058	1
2035	2059	2
2035	2062	2
2035	2069	2
2035	2076	2
2035	2083	2
2035	2090	2
2035	2097	1
2035	2098	2
2035	2101	1
2035	2102	2
2035	2105	2
2035	2108	2
2035	2111	1
2035	2112	2
2035	2115	2
2035	2118	2
2035	2121	2
2035	2124	1
2035	2125	2
2035	2128	2
2035	2131	2
2035	2134	2
2035	2137	1
2035	2138	2
2035	2141	1
2035	2142	2
2035	2145	2
2035	2152	1
2035	2153	2
2035	2156	1
2035	2157	2
2035	2160	1
2035	2161	2
2035	2164	1
2035	2165	2
2035	2168	2
2035	2173	1
2035	2174	2
2035	2177	1
2035	2178	2
2035	2183	1
2035	2184	2
2035	2189	1
2035	2190	2
1767	2193	1
2193	2194	2
2193	2197	2
2193	2200	2
2193	2203	2
2193	2206	2
2193	2209	2
2193	2212	2
2193	2215	2
2193	2218	2
2193	2221	2
2193	2224	2
2193	2227	2
2193	2230	2
2193	2233	2
2193	2240	2
2193	2247	1
2193	2248	2
2193	2251	2
2193	2254	2
2193	2257	1
2193	2258	2
2193	2265	1
2193	2266	2
2193	2269	2
2193	2272	2
2193	2275	1
2193	2276	2
2193	2279	2
2193	2284	1
2193	2285	2
2193	2288	2
2193	2291	1
2193	2292	2
2193	2295	2
2193	2300	2
2193	2303	2
2193	2308	1
2193	2309	2
2193	2314	1
2193	2315	2
2193	2318	1
2193	2319	2
2193	2322	1
2193	2323	2
2193	2328	2
2193	2331	2
2193	2334	1
2193	2335	2
2193	2338	1
2193	2339	2
2193	2342	2
2193	2345	1
2193	2346	2
2193	2353	1
2193	2354	2
2193	2361	1
2193	2362	2
2193	2369	2
2193	2376	1
2193	2377	2
2193	2384	2
2193	2391	2
2193	2398	2
2193	2405	2
2193	2412	1
2412	2413	1
2413	2414	1
2413	2415	2
2413	2418	1
2413	2419	2
2413	2424	1
2413	2425	2
2413	2428	1
2413	2429	2
2413	2432	2
2413	2439	2
2413	2446	2
2413	2453	2
2413	2460	2
2413	2467	1
2413	2468	2
2413	2471	2
2413	2474	2
2413	2477	2
2413	2480	1
2413	2481	2
2413	2484	1
2413	2485	2
2413	2488	2
2413	2495	1
2413	2496	2
2413	2499	1
2413	2500	2
2413	2503	1
2413	2504	2
2413	2507	1
2413	2508	2
2413	2511	2
2413	2516	1
2413	2517	2
2413	2522	1
2413	2523	2
2413	2528	1
2413	2529	2
1767	2532	1
2532	2533	2
2532	2536	2
2532	2539	2
2532	2542	2
2532	2545	2
2532	2548	2
2532	2551	2
2532	2554	2
2532	2557	2
2532	2560	2
2532	2563	2
2532	2566	2
2532	2569	2
2532	2572	2
2532	2575	2
2532	2582	2
2532	2589	2
2532	2596	1
2532	2597	2
2532	2600	2
2532	2603	2
2532	2606	1
2532	2607	2
2532	2614	1
2532	2615	2
2532	2618	2
2532	2621	2
2532	2624	1
2532	2625	2
2532	2628	2
2532	2633	1
2532	2634	2
2532	2637	2
2532	2640	1
2532	2641	2
2532	2644	2
2532	2649	2
2532	2652	2
2532	2657	1
2532	2658	2
2532	2663	1
2532	2664	2
2532	2667	1
2532	2668	2
2532	2671	1
2532	2672	2
2532	2677	2
2532	2680	2
2532	2683	1
2532	2684	2
2532	2687	1
2532	2688	2
2532	2691	2
2532	2694	1
2532	2695	2
2532	2702	1
2532	2703	2
2532	2710	2
2532	2713	1
2532	2714	2
2532	2721	2
2532	2728	1
2532	2729	2
2532	2736	2
2532	2743	2
2532	2750	2
2532	2757	2
2532	2764	1
2764	2765	1
2765	2766	2
2765	2769	2
2765	2772	2
2765	2775	2
2765	2778	2
2765	2781	2
2765	2784	2
2765	2787	2
2765	2790	2
2765	2793	2
2765	2796	2
2765	2799	2
2765	2802	2
2765	2805	1
2765	2806	2
2765	2809	1
2765	2810	2
2765	2815	1
2765	2816	2
2765	2819	2
2765	2826	2
2765	2833	2
2765	2840	2
2765	2847	1
2765	2848	2
2765	2851	2
2765	2854	2
2765	2857	1
2765	2858	2
2765	2861	1
2765	2862	2
2765	2865	2
2765	2868	1
2765	2869	2
2765	2872	2
2765	2877	1
2765	2878	2
2765	2881	2
2765	2884	2
2765	2887	2
2765	2890	1
2765	2891	2
2765	2894	1
2765	2895	2
2765	2898	2
2765	2905	1
2765	2906	2
2765	2909	1
2765	2910	2
2765	2913	1
2765	2914	2
2765	2917	1
2765	2918	2
2765	2921	2
2765	2926	1
2765	2927	2
2765	2930	1
2765	2931	2
2765	2936	1
2765	2937	2
2765	2942	1
2765	2943	2
2532	2946	1
2946	2947	1
2947	2948	1
2947	2949	2
2947	2952	1
2947	2953	2
2947	2958	1
2947	2959	2
2947	2962	1
2947	2963	2
2947	2966	2
2947	2973	2
2947	2980	2
2947	2987	2
2947	2994	2
2947	3001	1
2947	3002	2
2947	3005	2
2947	3008	2
2947	3011	2
2947	3014	1
2947	3015	2
2947	3018	1
2947	3019	2
2947	3022	2
2947	3029	1
2947	3030	2
2947	3033	1
2947	3034	2
2947	3037	1
2947	3038	2
2947	3041	1
2947	3042	2
2947	3045	2
2947	3050	1
2947	3051	2
2947	3056	1
2947	3057	2
2947	3062	1
2947	3063	2
2946	3066	1
3066	3067	2
3066	3070	2
3066	3073	2
3066	3076	2
3066	3079	1
3066	3080	2
3066	3083	1
3066	3084	2
3066	3089	1
3066	3090	2
3066	3093	2
3066	3100	2
3066	3107	2
3066	3114	2
3066	3121	1
3066	3122	2
3066	3125	1
3066	3126	2
3066	3129	2
3066	3132	2
3066	3135	1
3066	3136	2
3066	3139	2
3066	3142	2
3066	3145	2
3066	3148	1
3066	3149	2
3066	3152	2
3066	3155	2
3066	3158	2
3066	3161	1
3066	3162	2
3066	3165	1
3066	3166	2
3066	3169	2
3066	3176	1
3066	3177	2
3066	3180	1
3066	3181	2
3066	3184	1
3066	3185	2
3066	3188	1
3066	3189	2
3066	3192	2
3066	3197	1
3066	3198	2
3066	3201	1
3066	3202	2
3066	3207	1
3066	3208	2
3066	3213	1
3066	3214	2
3066	3217	2
1767	3220	1
3220	3221	2
3221	3222	3
3220	3226	2
3220	3230	2
3230	3231	3
3220	3235	2
3220	3239	2
3220	3243	2
3220	3247	2
3247	3248	3
3220	3252	2
3252	3253	3
3220	3257	2
3220	3267	2
3267	3268	3
3220	3272	2
3272	3273	3
3220	3283	2
3283	3284	3
3220	3294	2
3294	3295	3
3220	3305	1
3220	3306	2
3306	3307	3
3220	3315	2
3315	3316	3
3220	3324	1
3220	3325	2
3325	3326	3
3220	3330	2
3330	3331	3
3220	3335	2
3220	3339	1
3220	3340	2
3340	3341	3
3220	3349	1
3220	3350	2
3350	3351	3
3220	3355	2
3220	3359	2
3359	3360	3
3220	3364	1
3220	3365	2
3365	3366	3
3220	3370	2
3370	3371	3
3220	3378	1
3220	3379	2
3379	3380	3
3220	3384	2
3384	3385	3
3220	3389	1
3220	3390	2
3390	3391	3
3220	3395	2
3395	3396	3
3220	3403	2
3403	3404	3
3220	3408	2
3408	3409	3
3220	3416	1
3220	3417	2
3417	3418	3
3220	3425	2
3425	3426	3
3220	3430	2
3220	3433	1
3220	3434	2
3434	3435	3
3220	3439	1
3220	3440	2
3440	3441	3
3220	3445	2
3445	3446	3
3220	3450	1
3220	3451	2
3451	3452	3
3220	3456	2
3456	3457	3
3220	3463	2
3463	3464	3
3220	3468	1
3220	3469	2
3469	3470	3
3220	3480	1
3220	3481	2
3481	3482	3
3220	3492	1
3492	3493	1
3493	3494	1
3493	3495	2
3495	3496	3
3493	3500	1
3493	3501	2
3501	3502	3
3493	3509	1
3493	3510	2
3510	3511	3
3493	3515	2
3515	3516	3
3493	3524	2
3493	3531	2
3531	3532	3
3493	3540	2
3540	3541	3
3493	3551	2
3551	3552	3
3493	3560	1
3493	3561	2
3561	3562	3
3493	3566	2
3566	3567	3
3493	3571	2
3571	3572	3
3493	3576	1
3493	3577	2
3577	3578	3
3493	3582	1
3493	3583	2
3583	3584	3
3493	3588	2
3588	3589	3
3493	3593	1
3493	3594	2
3594	3595	3
3493	3599	2
3599	3600	3
3493	3604	2
3604	3605	3
3493	3609	2
3609	3610	3
3493	3614	2
3614	3615	3
3493	3619	2
3493	3624	2
3624	3625	3
3493	3628	2
3493	3633	1
3493	3634	2
3634	3635	3
3493	3639	1
3493	3640	1
3493	3641	2
3641	3642	3
3493	3646	1
3493	3647	2
3647	3648	3
3493	3652	1
3493	3653	2
3653	3654	3
3493	3658	1
3493	3659	2
3659	3660	3
3493	3664	1
3493	3665	2
3665	3666	3
3493	3670	1
3493	3671	2
3671	3672	3
3493	3676	1
3493	3677	2
3677	3678	3
3493	3682	1
3493	3683	2
3683	3684	3
3493	3688	2
3688	3689	3
3493	3693	2
3693	3694	3
3493	3698	2
3493	3702	1
3493	3703	2
3703	3704	3
3493	3708	1
3493	3709	2
3709	3710	3
3493	3714	2
3714	3715	3
3493	3723	1
3493	3724	2
3724	3725	3
3493	3729	1
3493	3730	2
3730	3731	3
3493	3735	1
3493	3736	2
3736	3737	3
3493	3741	1
3493	3742	2
3742	3743	3
3493	3747	2
3747	3748	3
3747	3752	3
3493	3756	1
3493	3757	2
3757	3758	3
3493	3762	1
3493	3763	2
3763	3764	3
3763	3768	3
3493	3771	1
3493	3772	2
3772	3773	3
3772	3777	3
3493	3781	1
3493	3782	2
3782	3783	3
3220	3787	1
3787	3788	1
3788	3789	2
3789	3790	3
3788	3794	2
3788	3798	2
3788	3802	2
3788	3806	2
3806	3807	3
3788	3811	2
3811	3812	3
3788	3816	2
3816	3817	3
3788	3821	2
3821	3822	3
3788	3826	2
3788	3829	2
3788	3832	2
3788	3836	2
3788	3840	2
3788	3844	1
3788	3845	2
3845	3846	3
3788	3850	1
3788	3851	2
3851	3852	3
3788	3859	1
3788	3860	2
3860	3861	3
3788	3865	2
3865	3866	3
3788	3874	2
3874	3875	3
3788	3883	2
3883	3884	3
3788	3894	2
3894	3895	3
3788	3903	1
3788	3904	2
3904	3905	3
3788	3909	2
3909	3910	3
3788	3914	2
3914	3915	3
3788	3919	1
3788	3920	2
3920	3921	3
3788	3925	1
3788	3926	2
3926	3927	3
3788	3931	2
3931	3932	3
3788	3936	1
3788	3937	2
3937	3938	3
3788	3942	2
3942	3943	3
3942	3947	3
3788	3951	1
3788	3952	2
3952	3953	3
3788	3957	2
3957	3958	3
3788	3962	2
3962	3963	3
3788	3967	2
3788	3971	1
3788	3972	2
3972	3973	3
3788	3977	1
3788	3978	2
3978	3979	3
3788	3983	2
3983	3984	3
3788	3992	1
3788	3993	2
3993	3994	3
3788	3998	1
3788	3999	2
3999	4000	3
3788	4004	1
3788	4005	2
4005	4006	3
3788	4010	1
3788	4011	2
4011	4012	3
3788	4016	2
4016	4017	3
4016	4021	3
3788	4025	1
3788	4026	2
4026	4027	3
3788	4031	1
3788	4032	2
4032	4033	3
3788	4039	1
3788	4040	2
4040	4041	3
3788	4047	1
3788	4048	2
4048	4049	3
3787	4053	1
4053	4054	2
4054	4055	3
4053	4059	2
4059	4060	3
4053	4064	2
4064	4065	3
4053	4069	2
4069	4070	3
4053	4074	1
4053	4075	2
4075	4076	3
4053	4080	1
4053	4081	2
4081	4082	3
4053	4089	1
4053	4090	2
4090	4091	3
4053	4095	2
4095	4096	3
4053	4104	2
4104	4105	3
4053	4113	2
4113	4114	3
4053	4124	2
4124	4125	3
4053	4133	1
4053	4134	2
4134	4135	3
4053	4139	1
4053	4140	2
4140	4141	3
4053	4145	2
4145	4146	3
4053	4150	2
4150	4151	3
4053	4155	1
4053	4156	2
4156	4157	3
4053	4161	2
4053	4164	2
4053	4167	2
4053	4170	1
4053	4171	2
4171	4172	3
4053	4176	2
4176	4177	3
4053	4181	2
4181	4182	3
4053	4186	2
4053	4190	1
4053	4191	2
4191	4192	3
4053	4196	1
4053	4197	2
4197	4198	3
4053	4202	2
4202	4203	3
4053	4211	1
4053	4212	2
4212	4213	3
4053	4217	1
4053	4218	2
4218	4219	3
4053	4223	1
4053	4224	2
4224	4225	3
4053	4229	1
4053	4230	2
4230	4231	3
4053	4235	2
4053	4242	1
4053	4243	2
4243	4244	3
4053	4248	1
4053	4249	2
4249	4250	3
4053	4256	1
4053	4257	2
4257	4258	3
4053	4264	1
4053	4265	2
4265	4266	3
3787	4270	1
4270	4271	2
4271	4272	3
4270	4276	2
4270	4280	2
4270	4284	2
4270	4288	2
4288	4289	3
4270	4293	2
4293	4294	3
4270	4298	2
4298	4299	3
4270	4303	2
4303	4304	3
4270	4308	2
4270	4311	2
4270	4314	2
4270	4318	2
4270	4322	2
4270	4326	2
4326	4327	3
4270	4331	2
4331	4332	3
4270	4336	2
4336	4337	3
4270	4341	2
4341	4342	3
4270	4346	1
4270	4347	2
4347	4348	3
4270	4352	1
4270	4353	2
4353	4354	3
4270	4361	1
4270	4362	2
4362	4363	3
4270	4367	2
4367	4368	3
4270	4376	2
4376	4377	3
4270	4385	2
4385	4386	3
4270	4396	2
4396	4397	3
4270	4405	1
4270	4406	2
4406	4407	3
4270	4411	2
4411	4412	3
4270	4416	2
4416	4417	3
4270	4421	1
4270	4422	2
4422	4423	3
4270	4427	1
4270	4428	2
4428	4429	3
4270	4433	2
4433	4434	3
4270	4438	1
4270	4439	2
4439	4440	3
4270	4444	2
4444	4445	3
4270	4449	2
4449	4450	3
4270	4454	2
4270	4458	1
4270	4459	2
4459	4460	3
4270	4464	1
4270	4465	2
4465	4466	3
4270	4470	2
4470	4471	3
4270	4479	1
4270	4480	2
4480	4481	3
4270	4485	1
4270	4486	2
4486	4487	3
4270	4491	1
4270	4492	2
4492	4493	3
4270	4497	1
4270	4498	2
4498	4499	3
4270	4503	2
4503	4504	3
4503	4508	3
4270	4512	1
4270	4513	2
4513	4514	3
4270	4518	1
4270	4519	2
4519	4520	3
4270	4526	1
4270	4527	2
4527	4528	3
4270	4534	1
4270	4535	2
4535	4536	3
4270	4540	1
4270	4541	2
4541	4542	3
4270	4546	2
4270	4549	2
4270	4552	2
4555	4556	1
4556	4557	2
4556	4564	2
4556	4571	2
4556	4578	2
4556	4585	2
4556	4592	2
4556	4599	1
4556	4600	2
4556	4603	2
4556	4610	2
4556	4615	2
4556	4618	2
4556	4621	2
4556	4626	1
4556	4627	2
4556	4630	2
4556	4637	2
4556	4642	2
4556	4645	2
4556	4648	2
4556	4651	2
4556	4654	2
4556	4657	1
4556	4658	2
4556	4661	2
4556	4664	2
4556	4667	2
4556	4672	1
4556	4673	2
4556	4676	2
4556	4679	2
4556	4682	1
4556	4683	2
4556	4686	2
4556	4691	1
4556	4692	2
4556	4695	2
4556	4698	2
4556	4705	2
4556	4712	1
4712	4713	2
4712	4716	2
4712	4719	2
4712	4722	2
4712	4725	2
4555	4728	1
4728	4729	2
4728	4734	2
4728	4739	2
4728	4742	2
4728	4745	2
4728	4752	2
4728	4759	2
4728	4766	2
4728	4773	2
4728	4780	2
4728	4787	2
4728	4794	1
4728	4795	2
4728	4802	1
4728	4803	2
4728	4806	2
4728	4809	1
4809	4810	2
4809	4813	2
4809	4816	2
4728	4821	1
4821	4822	1
4821	4823	2
4821	4826	2
4821	4829	2
4832	4833	1
4833	4834	2
4834	4835	3
4833	4842	2
4842	4843	3
4833	4847	2
4847	4848	3
4833	4852	2
4833	4855	2
4855	4856	3
4833	4863	2
4863	4864	3
4833	4874	2
4874	4875	3
4833	4885	2
4885	4886	3
4833	4896	1
4833	4897	2
4897	4898	3
4833	4902	1
4833	4903	2
4903	4904	3
4833	4908	1
4833	4909	2
4909	4910	3
4833	4914	2
4914	4915	3
4833	4919	1
4833	4920	2
4920	4921	3
4833	4925	1
4833	4926	2
4926	4927	3
4833	4934	2
4934	4935	3
4833	4939	2
4833	4942	1
4833	4943	2
4943	4944	3
4833	4951	2
4951	4952	3
4833	4962	2
4962	4963	3
4833	4970	2
4970	4971	3
4833	4975	1
4833	4976	2
4976	4977	3
4833	4984	1
4833	4985	2
4985	4986	3
4833	4990	2
4990	4991	3
4833	4999	2
4999	5000	3
4833	5007	2
5007	5008	3
4833	5012	1
4833	5013	2
5013	5014	3
4833	5021	1
4833	5022	2
5022	5023	3
4833	5033	2
5033	5034	3
4833	5038	2
5038	5039	3
4833	5043	1
4833	5044	2
5044	5045	3
4833	5049	1
4833	5050	2
5050	5051	3
4833	5061	1
4833	5062	2
5062	5063	3
5062	5067	3
4833	5071	1
4833	5072	2
5072	5073	3
4833	5077	1
4833	5078	2
5078	5079	3
4833	5083	1
4833	5084	2
5084	5085	3
4833	5089	2
5089	5090	3
4832	5094	1
5094	5095	2
5095	5096	3
5094	5100	2
5100	5101	3
5094	5105	2
5094	5109	2
5094	5113	2
5094	5116	1
5094	5117	2
5117	5118	3
5094	5122	2
5122	5123	3
5094	5127	1
5094	5128	2
5128	5129	3
5094	5133	2
5094	5137	2
5094	5141	1
5094	5142	2
5142	5143	3
5094	5150	2
5094	5160	2
5094	5164	2
5094	5168	2
5094	5172	2
5094	5176	1
5094	5177	2
5177	5178	3
5094	5182	1
5094	5183	2
5183	5184	3
5094	5191	2
5094	5201	1
5094	5202	2
5202	5203	3
5094	5207	2
5094	5211	2
5211	5212	3
4832	5219	1
5219	5220	2
5220	5221	3
5219	5227	1
5219	5228	2
5228	5229	3
5219	5233	1
5219	5234	2
5234	5235	3
5219	5239	2
5239	5240	3
5219	5244	2
5219	5248	2
5248	5249	3
5248	5253	3
5219	5257	2
5219	5261	1
5219	5262	2
5262	5263	3
5219	5267	1
5219	5268	2
5268	5269	3
5219	5273	2
5273	5274	3
5219	5278	1
5219	5279	2
5279	5280	3
5219	5284	1
5219	5285	2
5285	5286	3
5219	5290	1
5219	5291	2
5291	5292	3
5219	5296	1
5219	5297	2
5297	5298	3
5219	5302	2
5219	5305	1
5219	5306	2
5306	5307	3
5219	5311	1
5219	5312	2
5312	5313	3
5219	5317	1
5219	5318	2
5318	5319	3
5219	5323	1
5219	5324	2
5324	5325	3
5219	5329	1
5219	5330	2
5330	5331	3
5219	5335	1
5219	5336	2
5336	5337	3
5219	5341	1
5219	5342	2
5342	5343	3
5219	5347	1
5219	5348	2
5348	5349	3
5219	5353	2
5353	5354	3
5219	5358	2
5219	5362	2
5219	5366	2
5366	5367	3
5219	5371	2
5219	5375	2
5219	5379	1
5219	5380	2
5380	5381	3
5385	5386	1
5386	5387	1
5387	5388	1
5387	5389	2
5387	5396	1
5387	5397	2
5387	5402	1
5402	5403	1
5402	5404	2
5402	5407	2
5402	5410	2
5402	5415	2
5402	5418	1
5402	5419	2
5402	5426	1
5402	5427	2
5402	5430	2
5402	5433	1
5402	5434	2
5402	5437	2
5402	5440	1
5402	5441	2
5402	5446	2
5402	5449	2
5387	5452	1
5452	5453	1
5452	5454	2
5452	5457	1
5452	5458	2
5452	5465	2
5452	5468	2
5452	5475	1
5452	5476	2
5452	5483	1
5452	5484	2
5452	5487	1
5452	5488	2
5452	5493	2
5452	5496	2
5386	5499	1
5499	5500	1
5499	5501	2
5499	5504	2
5499	5507	1
5499	5508	2
5499	5515	2
5499	5522	2
5499	5527	1
5499	5528	2
5386	5535	1
5535	5536	2
5535	5539	2
5535	5546	1
5535	5547	2
5535	5550	2
5535	5553	2
5535	5558	1
5558	5559	1
5558	5560	2
5558	5563	2
5558	5566	2
5558	5573	1
5558	5574	2
5386	5577	1
5577	5578	1
5577	5579	2
5577	5586	2
5577	5589	2
5577	5594	1
5577	5595	2
5577	5598	2
5577	5601	2
5385	5604	1
5604	5605	1
5605	5606	1
5605	5607	2
5605	5614	1
5614	5615	1
5614	5616	2
5614	5619	2
5614	5622	2
5614	5625	1
5614	5626	2
5614	5633	1
5614	5634	2
5614	5637	1
5614	5638	2
5614	5641	2
5614	5644	1
5614	5645	2
5614	5650	2
5605	5653	1
5653	5654	1
5653	5655	2
5653	5662	1
5653	5663	2
5653	5666	2
5653	5669	2
5604	5672	1
5672	5673	1
5672	5674	2
5672	5677	2
5672	5680	1
5672	5681	2
5672	5688	2
5604	5695	1
5695	5696	1
5695	5697	2
5695	5704	2
5695	5709	2
5695	5716	1
5695	5717	2
5695	5720	2
5695	5723	2
5695	5726	2
5695	5729	1
5695	5730	2
5695	5733	1
5695	5734	2
5695	5739	2
5604	5746	1
5746	5747	1
5746	5748	2
5746	5751	2
5746	5758	2
5746	5761	2
5746	5764	2
5746	5767	2
5746	5772	1
5746	5773	2
5385	5778	1
5778	5779	2
5778	5784	2
5778	5787	2
5778	5790	2
5778	5793	1
5778	5794	2
5778	5801	1
5801	5802	1
5801	5803	2
5801	5806	1
5801	5807	2
5801	5810	1
5801	5811	2
5801	5814	1
5801	5815	2
5801	5818	1
5801	5819	2
5801	5822	1
5801	5823	2
5801	5826	1
5801	5827	2
5778	5832	1
5832	5833	1
5832	5834	2
5832	5839	2
5832	5846	1
5832	5847	2
5832	5850	2
5832	5853	2
5832	5856	2
5832	5859	1
5832	5860	2
5385	5863	1
5863	5864	1
5864	5865	1
5864	5866	2
5864	5873	2
5864	5876	2
5864	5879	2
5864	5882	1
5864	5883	2
5864	5890	2
5863	5897	1
5897	5898	1
5897	5899	2
5897	5904	2
5897	5911	1
5897	5912	2
5897	5915	2
5897	5918	2
5897	5921	2
5897	5924	1
5897	5925	2
5928	5929	1
5929	5930	2
5930	5931	3
5929	5939	2
5939	5940	3
5929	5948	2
5929	5956	2
5929	5964	2
5964	5965	3
5929	5973	2
5973	5974	3
5929	5984	2
5984	5985	3
5929	5993	2
5929	6001	2
6001	6002	3
5929	6010	2
6010	6011	3
5929	6019	2
5929	6027	2
6027	6028	3
5929	6036	2
6036	6037	3
5929	6045	2
6045	6046	3
5929	6054	2
5929	6062	2
6062	6063	3
5929	6071	2
6071	6072	3
5929	6080	2
6080	6081	3
5929	6089	2
6089	6090	3
5929	6098	2
6098	6099	3
5929	6107	1
5929	6108	2
6108	6109	3
5929	6113	2
6113	6114	3
5929	6124	2
6124	6125	3
5929	6132	2
6132	6133	3
5929	6137	2
5929	6141	2
6141	6142	3
6141	6146	3
5929	6150	2
6150	6151	3
5929	6155	1
5929	6156	2
6156	6157	3
5929	6161	2
6161	6162	3
5929	6172	2
6172	6173	3
5929	6180	2
6180	6181	3
5929	6185	2
5929	6189	2
5929	6193	2
5929	6197	2
6197	6198	3
5929	6202	2
5929	6206	2
5929	6210	2
6210	6211	3
5929	6215	2
5929	6219	2
6219	6220	3
5929	6224	1
5929	6225	2
6225	6226	3
6225	6230	3
5929	6234	2
6234	6235	3
6234	6239	3
5929	6243	1
5929	6244	2
6244	6245	3
5929	6249	2
5929	6253	2
5929	6257	2
5929	6264	2
5929	6268	2
5929	6272	2
5929	6276	1
5929	6277	2
6277	6278	3
6277	6282	3
5929	6289	2
6289	6290	3
5929	6297	2
6297	6298	3
5929	6302	1
5929	6303	2
6303	6304	3
5929	6308	1
5929	6309	2
6309	6310	3
5929	6317	2
6317	6318	3
5929	6322	2
5929	6326	2
5929	6333	2
5929	6337	1
5929	6338	2
6338	6339	3
5929	6343	2
5929	6347	2
5929	6354	2
5929	6358	2
5929	6362	2
5929	6366	1
5929	6367	2
6367	6368	3
5929	6372	2
5929	6379	2
5929	6383	2
6383	6384	3
5929	6391	2
6391	6392	3
5929	6396	2
5929	6400	1
5929	6401	2
6401	6402	3
5929	6406	2
5929	6410	2
5929	6414	2
5929	6418	2
5929	6422	1
6422	6423	2
6423	6424	3
6422	6431	2
6422	6435	2
6435	6436	3
6422	6440	2
6440	6441	3
6422	6445	2
6445	6446	3
6422	6450	2
6422	6454	2
6422	6458	2
6422	6462	2
6462	6463	3
6422	6471	2
6422	6475	2
6475	6476	3
6422	6484	2
6484	6485	3
6422	6493	2
6493	6494	3
6422	6502	2
6502	6503	3
6422	6511	2
6422	6519	1
6422	6520	2
6520	6521	3
6422	6525	2
6422	6530	1
6422	6531	2
6531	6532	3
6422	6536	2
6422	6540	2
6422	6550	2
6550	6551	3
5929	6559	1
6559	6560	1
6560	6561	2
6561	6562	3
6560	6566	2
6566	6567	3
6560	6577	1
6560	6578	2
6578	6579	3
6560	6586	2
6560	6590	2
6590	6591	3
6560	6598	2
6598	6599	3
6560	6603	1
6560	6604	2
6604	6605	3
6560	6612	2
6612	6613	3
6560	6620	1
6560	6621	2
6621	6622	3
6560	6629	1
6560	6630	2
6630	6631	3
6560	6635	1
6560	6636	2
6636	6637	3
6560	6641	2
6641	6642	3
6641	6646	3
6560	6650	1
6560	6651	2
6651	6652	3
6560	6659	2
6560	6663	2
6560	6667	2
6560	6671	2
6560	6675	2
6560	6679	2
6560	6686	2
6559	6690	1
6690	6691	2
6691	6692	3
6690	6696	2
6696	6697	3
6690	6707	1
6690	6708	2
6708	6709	3
6690	6716	2
6716	6717	3
6690	6721	1
6690	6722	2
6722	6723	3
6690	6730	1
6690	6731	2
6731	6732	3
6690	6736	2
6736	6737	3
6736	6741	3
6690	6745	1
6690	6746	2
6746	6747	3
6690	6754	2
6690	6758	2
6690	6762	2
6690	6766	2
6690	6770	2
6690	6774	2
6690	6781	2
6559	6785	1
6785	6786	1
6785	6787	2
6787	6788	3
6785	6792	2
6792	6793	3
6785	6803	1
6785	6804	2
6804	6805	3
6785	6809	2
6809	6810	3
6809	6814	3
5929	6818	1
6818	6819	1
6818	6820	2
6820	6821	3
6818	6825	2
6818	6829	2
6829	6830	3
6818	6834	2
6818	6838	2
6838	6839	3
6818	6843	1
6818	6844	2
6844	6845	3
6818	6849	2
6818	6853	2
6818	6857	2
6857	6858	3
6818	6862	2
6818	6869	1
6818	6870	2
6870	6871	3
6818	6878	2
6878	6879	3
6818	6886	2
6886	6887	3
6818	6891	2
6891	6892	3
6818	6896	2
5928	6900	1
6900	6901	2
6900	6906	2
6900	6909	2
6900	6912	2
6900	6915	2
6900	6922	2
6900	6925	2
6900	6932	2
6900	6939	2
6900	6946	1
6900	6947	2
6900	6954	1
6954	6955	2
6954	6958	2
6961	6962	1
6962	6963	2
6963	6964	3
6962	6968	2
6968	6969	3
6968	6973	3
6968	6977	3
6962	6981	2
6981	6982	3
6962	6989	2
6962	6993	2
6962	6997	2
6997	6998	3
6962	7002	2
6962	7006	2
6962	7010	2
7010	7014	3
6962	7018	2
7018	7019	3
6962	7023	2
7023	7024	3
6962	7028	2
7028	7029	3
6962	7033	2
7033	7034	3
6962	7038	2
7038	7039	3
6962	7046	2
7046	7047	3
6962	7057	2
7057	7058	3
6962	7066	2
7066	7067	3
6962	7075	2
7075	7076	3
6962	7084	2
7084	7085	3
6962	7093	2
7093	7094	3
6962	7102	2
6962	7110	2
6962	7118	2
6962	7126	2
7126	7127	3
6962	7135	1
6962	7136	2
7136	7137	3
6962	7141	2
6962	7145	2
6962	7155	2
7155	7156	3
6962	7164	1
6962	7165	2
7165	7166	3
6962	7170	2
6962	7174	2
7174	7175	3
6962	7179	2
7179	7180	3
6961	7184	1
7184	7185	2
7185	7186	3
7184	7190	2
7190	7191	3
7184	7195	2
7195	7199	3
7184	7203	2
7203	7204	3
7184	7208	2
7208	7209	3
7184	7216	2
7216	7217	3
7184	7227	2
7227	7228	3
7184	7236	2
7236	7237	3
7184	7245	2
7184	7253	2
7184	7261	2
7184	7269	2
7269	7270	3
7184	7278	2
7278	7279	3
7184	7287	2
7287	7288	3
7184	7296	1
7184	7297	2
7297	7298	3
7184	7302	2
7184	7306	2
7184	7310	2
7310	7311	3
7184	7315	2
7184	7319	1
7184	7320	2
7320	7321	3
7184	7325	2
7184	7329	2
7184	7339	2
7339	7340	3
7184	7348	1
7184	7349	2
7349	7350	3
7184	7354	2
7184	7358	2
7358	7359	3
7184	7363	2
7363	7364	3
6961	7368	1
7368	7369	2
7369	7370	3
7368	7374	2
7374	7375	3
7368	7379	2
7379	7380	3
7368	7384	2
7384	7385	3
7368	7392	2
7392	7393	3
7368	7403	2
7403	7404	3
7368	7412	2
7412	7413	3
7368	7421	2
7421	7422	3
7368	7430	2
7368	7438	2
7368	7446	2
7368	7454	1
7368	7455	2
7455	7456	3
7368	7460	2
7368	7464	2
7368	7474	2
7474	7475	3
7368	7483	1
7368	7484	2
7484	7485	3
7368	7489	2
7368	7493	2
7493	7494	3
7368	7498	2
7498	7499	3
6961	7503	1
7503	7504	2
7504	7505	3
7503	7509	2
7509	7510	3
7503	7514	2
7514	7515	3
7503	7519	2
7519	7520	3
7503	7527	2
7503	7531	2
7503	7535	2
7503	7539	2
7503	7543	2
7503	7547	2
7503	7551	2
7503	7559	2
7503	7567	1
7567	7568	2
7568	7569	3
7567	7573	2
7567	7577	2
7567	7581	2
7567	7585	2
7567	7589	2
7593	7594	1
7594	7595	2
7595	7596	3
7594	7600	2
7594	7610	2
7594	7614	2
7614	7615	3
7594	7622	2
7594	7626	2
7626	7627	3
7594	7631	2
7594	7635	2
7594	7639	2
7594	7643	2
7594	7647	2
7647	7651	3
7594	7655	2
7655	7656	3
7594	7660	2
7660	7661	3
7594	7665	2
7665	7666	3
7594	7670	2
7670	7671	3
7594	7675	2
7675	7676	3
7594	7683	2
7683	7684	3
7594	7688	2
7688	7689	3
7594	7693	2
7693	7694	3
7594	7702	2
7702	7703	3
7594	7711	2
7711	7712	3
7594	7722	2
7594	7732	2
7594	7742	2
7742	7743	3
7594	7751	2
7751	7752	3
7594	7760	2
7760	7761	3
7594	7771	2
7771	7772	3
7594	7780	2
7780	7781	3
7594	7791	2
7791	7792	3
7594	7800	2
7800	7801	3
7594	7809	2
7594	7819	2
7594	7829	1
7594	7830	2
7830	7831	3
7594	7835	2
7594	7839	2
7594	7849	1
7594	7850	2
7850	7851	3
7594	7855	2
7594	7859	2
7859	7860	3
7594	7864	2
7864	7865	3
7593	7869	1
7869	7870	2
7870	7871	3
7869	7875	2
7875	7876	3
7869	7880	2
7880	7884	3
7869	7888	2
7888	7889	3
7869	7893	2
7893	7894	3
7869	7901	2
7901	7902	3
7869	7906	2
7906	7907	3
7906	7914	3
7869	7918	2
7918	7919	3
7918	7926	3
7869	7930	2
7930	7931	3
7930	7938	3
7869	7942	2
7942	7943	3
7869	7951	2
7951	7958	3
7869	7962	2
7962	7963	3
7962	7970	3
7869	7974	2
7974	7975	3
7869	7985	2
7869	7995	1
7869	7996	2
7996	7997	3
7869	8001	2
7869	8005	2
7869	8009	2
8009	8010	3
7869	8014	2
7869	8018	1
7869	8019	2
8019	8020	3
7869	8024	2
7869	8028	2
7869	8038	1
7869	8039	2
8039	8040	3
7869	8044	2
7869	8048	2
8048	8049	3
7869	8053	2
8053	8054	3
7593	8058	1
8058	8059	2
8059	8060	3
8058	8064	2
8064	8065	3
8058	8069	2
8069	8070	3
8058	8074	2
8074	8075	3
8058	8082	2
8058	8086	2
8058	8096	2
8058	8106	2
8058	8114	2
8058	8124	1
8058	8125	2
8125	8126	3
8058	8130	2
8058	8134	2
7593	8144	1
8144	8145	2
8145	8146	3
8144	8150	2
8150	8151	3
8144	8155	2
8155	8156	3
8144	8160	2
8160	8161	3
8144	8168	2
8144	8172	2
8144	8176	1
8176	8177	2
8177	8178	3
8176	8182	2
8176	8186	2
8190	8191	1
8191	8192	2
8192	8193	3
8192	8197	3
8191	8201	2
8191	8205	2
8205	8206	3
8191	8213	2
8213	8214	3
8191	8221	2
8221	8222	3
8191	8226	2
8226	8227	3
8191	8231	2
8191	8235	2
8191	8239	2
8191	8243	2
8191	8253	2
8253	8260	3
8191	8264	2
8264	8265	3
8264	8272	3
8191	8276	2
8276	8277	3
8276	8284	3
8191	8288	1
8191	8289	2
8289	8290	3
8191	8300	2
8191	8304	2
8304	8305	3
8191	8313	2
8313	8314	3
8191	8318	1
8191	8319	2
8319	8320	3
8191	8324	1
8324	8325	2
8325	8326	3
8324	8330	2
8330	8331	3
8330	8335	3
8324	8339	2
8339	8340	3
8324	8344	2
8324	8354	2
8324	8364	1
8324	8365	2
8365	8366	3
8190	8370	1
8370	8371	2
8371	8372	3
8370	8376	2
8370	8383	2
8383	8384	3
8370	8388	2
8388	8389	3
8370	8393	2
8393	8400	3
8370	8404	2
8404	8405	3
8404	8412	3
8370	8416	1
8370	8417	2
8417	8418	3
8370	8426	2
8426	8427	3
8370	8431	2
8370	8435	2
8370	8439	2
8370	8443	2
8370	8447	1
8370	8448	2
8448	8449	3
8370	8453	1
8370	8454	2
8454	8455	3
8370	8459	2
8370	8463	2
8370	8467	2
8370	8471	2
8370	8475	2
8370	8479	2
8370	8486	1
8486	8487	2
8487	8488	3
8486	8492	2
8492	8493	3
8492	8497	3
8486	8501	2
8501	8502	3
8486	8512	2
8486	8522	1
8486	8523	2
8523	8524	3
8528	8529	1
8529	8530	2
8530	8531	3
8529	8535	2
8529	8539	2
8539	8540	3
8529	8544	2
8544	8545	3
8529	8549	2
8549	8556	3
8529	8560	2
8560	8561	3
8529	8571	2
8571	8578	3
8529	8582	2
8582	8583	3
8582	8590	3
8529	8594	2
8594	8595	3
8529	8605	2
8529	8609	1
8529	8610	2
8610	8611	3
8529	8615	2
8529	8619	2
8529	8623	2
8623	8624	3
8529	8634	2
8634	8635	3
8529	8638	2
8638	8639	3
8529	8643	2
8643	8644	3
8529	8651	1
8529	8652	2
8652	8653	3
8529	8657	2
8529	8661	2
8661	8662	3
8529	8666	2
8666	8667	3
8671	8672	1
8672	8673	2
8672	8676	1
8672	8677	2
8677	8678	3
8677	8685	3
8672	8689	2
8689	8690	3
8672	8700	2
8700	8701	3
8672	8711	2
8711	8712	3
8672	8722	1
8672	8723	2
8723	8724	3
8672	8728	2
8728	8729	3
8672	8739	2
8739	8740	3
8672	8744	1
8672	8745	2
8745	8746	3
8672	8756	2
8756	8757	3
8672	8761	2
8761	8762	3
8672	8766	1
8672	8767	2
8767	8768	3
8672	8772	1
8672	8773	2
8773	8774	3
8672	8778	2
8778	8779	3
8672	8783	2
8672	8786	1
8672	8787	2
8787	8788	3
8672	8792	2
8792	8793	3
8672	8797	1
8672	8798	2
8798	8799	3
8672	8803	2
8803	8804	3
8672	8813	1
8672	8814	2
8814	8815	3
8672	8819	2
8672	8822	2
8672	8825	1
8672	8826	2
8826	8827	3
8671	8833	1
8833	8834	2
8833	8837	1
8833	8838	2
8833	8841	1
8833	8842	2
8833	8849	2
8833	8852	2
8833	8855	1
8833	8856	2
8833	8859	1
8833	8860	2
8833	8863	2
8833	8866	2
8833	8869	1
8833	8870	2
8833	8873	2
8833	8876	2
8833	8879	1
8833	8880	2
8833	8883	2
8833	8890	1
8833	8891	2
8833	8894	2
8833	8897	2
8900	8901	1
8901	8902	2
8901	8909	2
8901	8916	2
8901	8923	2
8901	8930	2
8901	8937	2
8901	8944	2
8901	8951	2
8901	8958	2
8901	8965	2
8901	8972	2
8901	8979	1
8901	8980	2
8901	8983	2
8901	8990	2
8901	8995	2
8901	8998	2
8901	9001	2
8901	9006	1
8901	9007	2
8901	9010	2
8901	9017	2
8901	9022	2
8901	9025	2
8901	9028	2
8901	9031	2
8901	9034	2
8901	9037	1
8901	9038	2
8901	9041	2
8901	9044	2
8901	9047	2
8901	9052	1
8901	9053	2
8901	9056	2
8901	9061	1
8901	9062	2
8901	9065	2
8901	9068	2
8901	9075	2
8901	9082	1
9082	9083	2
9082	9086	2
9082	9089	2
9082	9092	2
9082	9097	1
9082	9098	2
8900	9101	1
9101	9102	2
9101	9105	2
9101	9108	2
9101	9111	2
9101	9116	2
9101	9123	2
9101	9130	2
9101	9137	2
9101	9144	2
9101	9151	2
9101	9158	2
9101	9165	2
9101	9172	1
9101	9173	2
9101	9180	1
9101	9181	2
9101	9184	2
9101	9187	2
9101	9190	1
9190	9191	2
9190	9194	2
9190	9197	2
9190	9200	2
9190	9205	1
9190	9206	2
9209	9210	1
9210	9211	2
9210	9218	2
9210	9225	2
9210	9232	1
9210	9233	2
9210	9236	1
9210	9237	2
9210	9240	2
9209	9243	1
9243	9244	2
9243	9247	2
9243	9250	2
9209	9253	1
9253	9254	2
9209	9257	1
9257	9258	2
9257	9261	2
9257	9264	1
9257	9265	2
9257	9268	1
9257	9269	2
9257	9272	1
9257	9273	2
9209	9276	1
9276	9277	1
9276	9278	2
9276	9281	1
9276	9282	2
9276	9285	2
9276	9288	2
9209	9295	1
9295	9296	2
9295	9303	2
9295	9310	2
9295	9317	2
9295	9324	2
9295	9327	2
9295	9330	2
9295	9333	2
9295	9336	2
9295	9343	1
9295	9344	2
9295	9347	2
9295	9350	2
9295	9357	2
9295	9364	1
9295	9365	2
9295	9368	2
9295	9371	2
9374	9375	2
9375	9376	3
9374	9380	2
9380	9381	3
9374	9385	1
9374	9386	2
9386	9387	3
9374	9391	2
9374	9395	1
9374	9396	2
9396	9397	3
9374	9401	2
9374	9408	1
9374	9409	2
9409	9410	3
9374	9414	2
9374	9418	1
9374	9419	2
9419	9420	3
9374	9424	2
9374	9428	1
9374	9429	2
9429	9430	3
9374	9434	2
9434	9435	3
9374	9439	2
9374	9443	1
9374	9444	2
9444	9445	3
9374	9449	2
9449	9450	3
9374	9454	2
9374	9458	2
9458	9459	3
9374	9463	2
9463	9464	3
9374	9468	2
9374	9472	1
9374	9473	2
9473	9474	3
9374	9481	1
9374	9482	2
9482	9483	3
9374	9487	2
9487	9488	3
9374	9492	1
9374	9493	2
9493	9494	3
9374	9498	2
9498	9499	3
9374	9503	1
9503	9504	1
9503	9505	2
9505	9506	3
9503	9510	2
9503	9514	2
9503	9524	2
9503	9534	2
9503	9544	1
9503	9545	2
9545	9546	3
9503	9550	2
9503	9554	2
9554	9555	3
9503	9559	2
9503	9563	2
9503	9567	2
9567	9568	3
9503	9572	1
9503	9573	2
9573	9574	3
9503	9578	2
9503	9585	2
9503	9589	1
9503	9590	2
9590	9591	3
9374	9601	1
9601	9602	1
9602	9603	2
9603	9604	3
9602	9608	2
9608	9609	3
9602	9616	2
9616	9617	3
9602	9621	1
9602	9622	2
9622	9623	3
9602	9627	1
9602	9628	2
9628	9629	3
9602	9633	2
9633	9634	3
9602	9638	2
9638	9639	3
9602	9643	2
9643	9644	3
9601	9648	1
9648	9649	2
9649	9650	3
9648	9654	2
9648	9658	1
9648	9659	2
9659	9660	3
9659	9667	3
9648	9671	1
9648	9672	2
9672	9673	3
9648	9677	2
9677	9678	3
9648	9682	2
9682	9683	3
9648	9687	2
9687	9688	3
9374	9692	1
9692	9693	1
9692	9694	2
9694	9695	3
9692	9699	2
9692	9703	2
9703	9704	3
9692	9708	2
9708	9709	3
9692	9713	2
9713	9714	3
9692	9718	2
9692	9722	1
9692	9723	2
9723	9724	3
9692	9728	2
9692	9732	2
9374	9736	1
9736	9737	2
9737	9738	3
9736	9742	2
9742	9743	3
9736	9747	1
9736	9748	2
9748	9749	3
9748	9753	3
9748	9757	3
9736	9761	2
9761	9762	3
9761	9766	3
9761	9770	3
9736	9774	2
9774	9775	3
9736	9779	2
9779	9780	3
9736	9784	2
9736	9788	2
9788	9789	3
9736	9793	2
9736	9800	2
9736	9804	2
9736	9808	2
9736	9812	2
9736	9816	2
9736	9820	2
9736	9824	2
9736	9828	2
9828	9829	3
9736	9833	2
9833	9834	3
9736	9838	2
9838	9839	3
9736	9843	2
9736	9847	1
9736	9848	2
9848	9849	3
9736	9859	1
9736	9860	2
9860	9861	3
9736	9865	2
9865	9866	3
9736	9870	2
9736	9874	2
9874	9875	3
9736	9879	2
9879	9880	3
9736	9884	2
9884	9885	3
9736	9889	2
9889	9890	3
9736	9894	2
9736	9898	2
9736	9902	2
9736	9906	1
9736	9907	2
9907	9908	3
9736	9912	2
9736	9916	2
9916	9917	3
9374	9924	1
9924	9925	2
9925	9926	3
9924	9930	2
9930	9931	3
9924	9935	1
9924	9936	2
9936	9937	3
9924	9941	2
9924	9945	2
9924	9949	1
9924	9950	2
9950	9951	3
9950	9955	3
9924	9959	2
9959	9960	3
9924	9964	2
9964	9965	3
9924	9969	2
9924	9973	2
9973	9974	3
9924	9978	1
9924	9979	2
9979	9980	3
9924	9984	1
9924	9985	2
9985	9986	3
9924	9990	2
9990	9991	3
9924	9995	1
9924	9996	2
9996	9997	3
9924	10001	2
10001	10002	3
9924	10006	2
9924	10010	2
9924	10014	2
10014	10015	3
9924	10019	2
9374	10023	1
10023	10024	1
10023	10025	2
10025	10026	3
10023	10030	2
10030	10031	3
10023	10035	1
10023	10036	2
10036	10037	3
10023	10041	2
10023	10045	2
10023	10049	2
9374	10053	1
10053	10054	1
10053	10055	2
10055	10056	3
10053	10060	1
10053	10061	2
10061	10062	3
10053	10066	2
9374	10070	1
10070	10071	1
10070	10072	2
10072	10073	3
10070	10077	1
10070	10078	2
10078	10079	3
10070	10087	1
10070	10088	2
10088	10089	3
10070	10093	2
10093	10094	3
9374	10098	1
10098	10099	1
10098	10100	2
10100	10101	3
10098	10111	1
10098	10112	2
10112	10113	3
10117	10118	1
10118	10119	2
10118	10122	2
10118	10125	2
10118	10128	2
10118	10131	2
10118	10134	2
10118	10137	2
10118	10140	2
10118	10143	2
10118	10146	2
10118	10149	2
10118	10152	2
10118	10155	2
10118	10160	2
10118	10165	2
10118	10170	1
10118	10171	2
10118	10174	1
10118	10175	2
10118	10178	1
10118	10179	2
10118	10182	2
10118	10185	2
10118	10188	1
10118	10189	2
10118	10192	1
10118	10193	2
10118	10196	1
10118	10197	2
10118	10200	1
10118	10201	2
10118	10206	1
10118	10207	2
10118	10212	1
10118	10213	2
10118	10216	2
10118	10219	1
10118	10220	2
10118	10225	1
10118	10226	2
10118	10231	1
10118	10232	2
10118	10235	1
10118	10236	2
10118	10239	1
10118	10240	2
10118	10243	2
10118	10246	2
10118	10249	2
10118	10252	2
10118	10255	2
10117	10258	1
10258	10259	1
10258	10260	2
10258	10263	2
10258	10266	1
10258	10267	2
10258	10270	1
10258	10271	2
10258	10274	2
10258	10277	1
10258	10278	2
10258	10285	1
10258	10286	2
10258	10291	2
10258	10298	2
10258	10303	2
10117	10310	1
10310	10311	2
10310	10314	2
10310	10317	2
10310	10320	2
10310	10323	2
10310	10326	2
10310	10333	2
10310	10340	1
10310	10341	2
10310	10344	2
10310	10347	2
10310	10350	1
10310	10351	2
10310	10354	1
10310	10355	2
10310	10358	2
10310	10361	1
10310	10362	2
10310	10369	2
10310	10376	2
10310	10379	2
10310	10382	2
10310	10385	2
10117	10388	1
10388	10389	1
10389	10390	1
10389	10391	2
10389	10394	1
10389	10395	2
10389	10400	1
10389	10401	2
10389	10404	1
10389	10405	2
10389	10408	2
10389	10415	2
10389	10422	2
10389	10429	2
10389	10436	2
10389	10443	1
10389	10444	2
10389	10447	2
10389	10454	1
10389	10455	2
10389	10458	1
10389	10459	2
10389	10462	1
10389	10463	2
10389	10466	2
10388	10471	1
10471	10472	1
10471	10473	2
10471	10476	1
10471	10477	2
10471	10482	1
10471	10483	2
10471	10486	2
10471	10493	2
10471	10500	2
10471	10507	2
10471	10514	1
10471	10515	2
10471	10518	1
10471	10519	2
10471	10522	2
10471	10525	2
10471	10528	1
10471	10529	2
10471	10532	2
10471	10535	2
10471	10538	2
10471	10541	1
10471	10542	2
10471	10545	2
10471	10548	2
10471	10551	2
10471	10554	1
10471	10555	2
10471	10558	2
10471	10565	1
10471	10566	2
10471	10569	1
10471	10570	2
10471	10573	1
10471	10574	2
10471	10577	2
10471	10582	1
10471	10583	2
10117	10586	1
10586	10587	2
10586	10590	2
10586	10593	2
10586	10596	2
10586	10599	2
10586	10602	2
10586	10605	2
10586	10608	2
10586	10611	2
10586	10614	2
10586	10617	2
10586	10620	2
10586	10623	2
10586	10626	2
10586	10633	2
10586	10640	2
10586	10647	1
10586	10648	2
10586	10655	2
10586	10662	2
10586	10669	2
10586	10676	2
10586	10683	1
10586	10684	2
10586	10687	2
10586	10690	2
10586	10693	1
10586	10694	2
10586	10697	1
10586	10698	2
10586	10701	2
10586	10704	1
10586	10705	2
10586	10712	2
10586	10715	2
10586	10718	2
10586	10721	2
10586	10724	1
10724	10725	1
10724	10726	2
10724	10729	1
10724	10730	2
10724	10735	1
10724	10736	2
10724	10739	1
10724	10740	2
10724	10743	2
10724	10750	2
10724	10757	2
10724	10764	2
10724	10771	2
10724	10778	1
10724	10779	2
10724	10782	2
10724	10789	1
10724	10790	2
10724	10793	1
10724	10794	2
10724	10797	1
10724	10798	2
10724	10801	2
10586	10806	1
10806	10807	1
10806	10808	2
10806	10811	1
10806	10812	2
10806	10817	1
10806	10818	2
10806	10821	2
10806	10828	2
10806	10835	2
10806	10842	2
10806	10849	1
10806	10850	2
10806	10853	1
10806	10854	2
10806	10857	2
10806	10860	2
10806	10863	1
10806	10864	2
10806	10867	2
10806	10870	2
10806	10873	2
10806	10876	1
10806	10877	2
10806	10880	2
10806	10883	2
10806	10886	2
10806	10889	1
10806	10890	2
10806	10893	2
10806	10900	1
10806	10901	2
10806	10904	1
10806	10905	2
10806	10908	1
10806	10909	2
10806	10912	2
10806	10917	1
10806	10918	2
10117	10921	1
10921	10922	2
10921	10925	2
10921	10928	2
10921	10931	2
10921	10934	2
10921	10937	2
10921	10940	2
10921	10943	2
10921	10950	2
10921	10957	2
10921	10964	2
10921	10971	2
10921	10978	1
10921	10979	2
10921	10982	2
10921	10985	2
10921	10988	1
10921	10989	2
10921	10992	1
10921	10993	2
10921	10996	2
10921	10999	1
10921	11000	2
10921	11003	2
10921	11008	2
10921	11011	1
10921	11012	2
10921	11019	2
10921	11022	2
10921	11025	2
10921	11028	1
11028	11029	1
11028	11030	2
11028	11033	1
11028	11034	2
11028	11039	1
11028	11040	2
11028	11043	2
11028	11050	2
11028	11057	2
11028	11064	2
11028	11071	1
11028	11072	2
11028	11075	2
11028	11078	2
11028	11081	1
11028	11082	2
11028	11085	2
11028	11088	2
11028	11091	2
11028	11094	1
11028	11095	2
11028	11098	2
11028	11101	2
11028	11104	2
11028	11107	1
11028	11108	2
11028	11111	2
11028	11118	1
11028	11119	2
11028	11122	1
11028	11123	2
11028	11126	1
11028	11127	2
11028	11130	2
11028	11135	1
11028	11136	2
10117	11139	1
11139	11140	2
11139	11143	2
11139	11146	2
11139	11149	2
11139	11152	2
11139	11155	1
11139	11156	2
11139	11159	2
11139	11162	2
11139	11165	1
11139	11166	2
11139	11169	1
11139	11170	2
11139	11173	2
11139	11176	2
11139	11179	1
11139	11180	2
11139	11183	2
11139	11186	2
11139	11189	1
11139	11190	2
11139	11193	2
11139	11196	2
11139	11199	1
11199	11200	1
11199	11201	2
11199	11204	2
11199	11207	2
11199	11210	2
11199	11213	1
11199	11214	2
11199	11217	2
10117	11220	1
11220	11221	2
11220	11224	2
11220	11227	2
11220	11230	2
11220	11235	2
11220	11238	2
11220	11245	2
11220	11252	2
11220	11259	2
11220	11266	2
11220	11273	2
11220	11280	1
11220	11281	2
11220	11288	1
11220	11289	2
10117	11292	1
11292	11293	2
11292	11296	2
11292	11299	2
11292	11302	2
11292	11307	2
11292	11310	2
11292	11317	2
11292	11324	2
11292	11331	2
11292	11338	2
11292	11345	1
11292	11346	2
10117	11349	1
11349	11350	2
11349	11357	2
11349	11364	2
11349	11371	2
11349	11378	2
11349	11385	1
11349	11386	2
11349	11389	1
11349	11390	2
11349	11393	1
11349	11394	2
11349	11397	2
11349	11400	2
11349	11403	1
11349	11404	2
11349	11407	2
11349	11410	2
11349	11413	1
11349	11414	2
11349	11419	2
10117	11426	1
11426	11427	1
11427	11428	2
11427	11431	2
11427	11434	2
11427	11437	2
11427	11440	2
11427	11443	2
11427	11446	2
11427	11449	2
11427	11452	2
11427	11455	2
11427	11458	2
11427	11461	2
11427	11466	1
11427	11467	2
11427	11470	1
11427	11471	2
11427	11474	1
11427	11475	2
11427	11478	2
11427	11481	2
11427	11484	1
11427	11485	2
11427	11488	1
11427	11489	2
11427	11492	1
11427	11493	2
11427	11496	1
11427	11497	2
11427	11502	1
11427	11503	2
11427	11508	1
11427	11509	2
11427	11512	2
11427	11515	1
11427	11516	2
11427	11521	1
11427	11522	2
11427	11527	1
11427	11528	2
11427	11531	1
11427	11532	2
11427	11535	1
11427	11536	2
11427	11543	2
11427	11546	1
11427	11547	2
11427	11550	2
11427	11555	2
11427	11558	2
11426	11561	1
11561	11562	2
11561	11565	2
11561	11568	2
11561	11571	2
11561	11574	2
11561	11577	2
11561	11580	2
11561	11587	2
11561	11594	2
11561	11601	2
11561	11608	2
11561	11615	1
11561	11616	2
11561	11619	2
11561	11622	2
11561	11625	1
11561	11626	2
11561	11633	1
11561	11634	2
11561	11637	1
11561	11638	2
11561	11641	2
11561	11644	1
11561	11645	2
11561	11648	2
11561	11653	2
11561	11656	2
11561	11659	2
11561	11662	2
11561	11669	1
11561	11670	2
11561	11677	1
11677	11678	1
11677	11679	2
11677	11682	1
11677	11683	2
11677	11688	1
11677	11689	2
11677	11692	2
11677	11699	2
11677	11706	2
11677	11713	2
11677	11720	1
11677	11721	2
11677	11724	2
11677	11727	2
11677	11730	1
11677	11731	2
11677	11734	2
11677	11737	2
11677	11740	2
11677	11743	1
11677	11744	2
11677	11747	2
11677	11750	2
11677	11753	2
11677	11756	1
11677	11757	2
11677	11760	2
11677	11767	1
11677	11768	2
11677	11771	1
11677	11772	2
11677	11775	1
11677	11776	2
11677	11779	2
11677	11784	1
11677	11785	2
11426	11788	1
11788	11789	1
11789	11790	2
11789	11795	2
11789	11798	2
11789	11801	2
11789	11808	2
11789	11815	2
11789	11822	1
11789	11823	2
11789	11826	1
11789	11827	2
11789	11830	2
11789	11833	1
11789	11834	2
11789	11839	2
11789	11846	2
11789	11851	2
11789	11854	1
11789	11855	2
11789	11862	2
11789	11865	1
11789	11866	2
11788	11869	1
11869	11870	2
11869	11873	2
11869	11876	2
11869	11879	2
11869	11882	1
11869	11883	2
11869	11886	2
11869	11889	1
11869	11890	2
11869	11893	2
11869	11896	2
11869	11899	1
11869	11900	2
11869	11907	2
11869	11910	2
11869	11917	2
11869	11920	2
11869	11923	2
11869	11926	2
11426	11929	1
11929	11930	2
11929	11935	1
11929	11936	2
11929	11939	1
11929	11940	2
11929	11943	2
11929	11946	2
11929	11949	2
11929	11954	2
11929	11957	1
11929	11958	2
11929	11961	1
11929	11962	2
11929	11965	2
11929	11968	1
11929	11969	2
11929	11972	1
11929	11973	2
11929	11976	1
11929	11977	2
11929	11980	1
11929	11981	2
11929	11984	2
11929	11987	1
11929	11988	2
11929	11991	1
11929	11992	2
11929	11995	1
11929	11996	2
11929	11999	1
11929	12000	2
11929	12003	1
11929	12004	2
11929	12007	1
11929	12008	2
11929	12011	1
11929	12012	2
11426	12015	1
12015	12016	2
12015	12019	2
12015	12022	2
12015	12029	2
12015	12036	2
12015	12043	2
12015	12050	2
12015	12057	2
11426	12060	1
12060	12061	2
12060	12064	2
12060	12067	2
12060	12074	2
12060	12081	2
12060	12088	2
12060	12095	2
11426	12098	1
12098	12099	2
12098	12106	2
12098	12113	2
12098	12120	2
12098	12127	2
12098	12134	1
12098	12135	2
12098	12138	1
12098	12139	2
12098	12142	2
12098	12145	2
12098	12148	1
12098	12149	2
12098	12154	1
12098	12155	2
12162	12163	1
12163	12164	2
12163	12169	2
12163	12176	2
12163	12179	2
12163	12182	2
12163	12185	2
12163	12188	1
12163	12189	2
12163	12192	2
12163	12195	1
12195	12196	2
12195	12201	2
12195	12204	2
12163	12207	1
12207	12208	2
12207	12215	1
12207	12216	2
12207	12219	2
12207	12222	2
12162	12225	1
12225	12226	2
12225	12233	2
12225	12240	2
12225	12243	2
12225	12246	2
12225	12249	2
12225	12252	1
12252	12253	2
12252	12256	2
12252	12259	2
12262	12263	2
12262	12268	2
12262	12271	1
12262	12272	2
12262	12275	1
12262	12276	2
12262	12283	2
12262	12290	2
12262	12297	2
12304	12305	1
12304	12306	2
12304	12313	1
12313	12314	2
12304	12317	1
12317	12318	2
12321	12322	2
12321	12329	1
12329	12330	2
12329	12333	2
12329	12336	2
12321	12339	1
12339	12340	2
12339	12347	2
12339	12350	2
12353	12354	2
12353	12359	2
12353	12366	2
12353	12377	2
12353	12380	2
12353	12383	1
12353	12384	2
12353	12391	2
12353	12396	1
12353	12397	2
12353	12402	2
12353	12407	2
12353	12414	1
12414	12415	2
12414	12418	2
12414	12421	2
12414	12424	2
12414	12427	2
12353	12430	1
12430	12431	1
12431	12432	2
12431	12435	2
12430	12438	1
12438	12439	2
12438	12442	2
12430	12445	1
12445	12446	2
12445	12449	2
12353	12452	1
12452	12453	2
12452	12456	2
12452	12459	2
12452	12462	2
12353	12465	1
12465	12466	2
12465	12469	2
12465	12478	2
12465	12481	2
12465	12484	1
12465	12485	2
12353	12488	1
12488	12489	2
12488	12508	2
12353	12511	1
12511	12512	2
12353	12523	1
12523	12524	2
12523	12529	2
12523	12536	2
12523	12543	2
12523	12546	2
12523	12551	2
12523	12556	2
12523	12563	2
12523	12570	2
12353	12575	1
12575	12576	2
12575	12585	2
12575	12590	2
12575	12595	2
12598	12599	1
12599	12600	1
12599	12601	2
12599	12606	1
12599	12607	2
12599	12612	2
12599	12617	1
12599	12618	2
12599	12621	1
12599	12622	2
12599	12627	2
12599	12630	2
12599	12633	2
12599	12636	1
12599	12637	2
12599	12642	1
12599	12643	2
12599	12648	1
12599	12649	2
12599	12652	1
12599	12653	2
12598	12656	1
12656	12657	1
12656	12658	2
12656	12661	2
12656	12664	1
12656	12665	2
12656	12668	2
12656	12671	1
12656	12672	2
12656	12675	2
12656	12678	2
12656	12681	1
12656	12682	2
12656	12685	2
12656	12688	1
12656	12689	2
12598	12692	1
12692	12693	1
12692	12694	2
12692	12697	1
12692	12698	2
12692	12703	1
12692	12704	2
12692	12711	1
12692	12712	2
12692	12717	1
12692	12718	2
12692	12725	1
12692	12726	2
12692	12731	2
12692	12736	2
12692	12741	2
12692	12746	2
12692	12749	2
12692	12754	2
12692	12758	2
12692	12763	2
12692	12768	2
12692	12773	2
12692	12778	2
12692	12781	2
12692	12786	2
12692	12789	2
12692	12792	2
12692	12797	2
12692	12800	2
12692	12803	2
12692	12806	2
12692	12809	2
12692	12812	2
12692	12815	2
12692	12818	2
12692	12821	2
12692	12824	2
12598	12827	1
12827	12828	1
12827	12829	2
12827	12834	1
12827	12835	2
12827	12842	2
12827	12849	1
12827	12850	2
12827	12853	2
12827	12856	2
12827	12859	1
12827	12860	2
12827	12863	2
12827	12866	2
12598	12869	1
12869	12870	1
12870	12871	1
12870	12872	2
12870	12875	1
12870	12876	2
12870	12879	2
12870	12882	2
12870	12885	2
12870	12888	2
12870	12891	1
12870	12892	2
12870	12897	2
12870	12900	1
12870	12901	2
12870	12904	1
12870	12905	2
12870	12908	1
12870	12909	2
12870	12912	1
12870	12913	2
12870	12918	2
12870	12921	2
12870	12924	2
12870	12927	1
12870	12928	2
12870	12931	2
12870	12934	2
12870	12937	2
12870	12940	2
12598	12943	1
12943	12944	1
12944	12945	1
12944	12946	2
12944	12951	2
12944	12954	2
12944	12957	2
12944	12962	2
12944	12965	2
12944	12968	2
12944	12971	2
12944	12974	2
12944	12977	2
12944	12980	2
12598	12983	1
12983	12984	1
12984	12985	1
12984	12986	2
12984	12991	1
12984	12992	2
12984	12995	1
12984	12996	2
12984	13001	1
12984	13002	2
12984	13005	1
12984	13006	2
12983	13009	1
13009	13010	1
13009	13011	2
13009	13016	1
13009	13017	2
13009	13022	1
13009	13023	2
13009	13026	2
12598	13029	1
13029	13030	1
13030	13031	2
13030	13033	2
13029	13036	1
13036	13037	1
13036	13038	2
13036	13041	1
13036	13042	2
13036	13047	1
13036	13048	2
13036	13055	1
13036	13056	2
13036	13061	1
13036	13062	2
13036	13069	1
13036	13070	2
13036	13075	2
13036	13080	2
13036	13085	2
13036	13090	2
13036	13093	2
13036	13098	2
13036	13102	2
13036	13107	2
13036	13112	2
13036	13117	2
13036	13122	2
13036	13125	2
13036	13130	2
13036	13133	2
13036	13136	2
13036	13141	2
13036	13144	2
13036	13147	2
13036	13150	2
13036	13153	2
13036	13156	2
13036	13159	2
13036	13162	2
13036	13165	2
13036	13168	2
12598	13171	1
13171	13172	1
13171	13173	2
13171	13178	1
13171	13179	2
13171	13186	2
13171	13193	1
13171	13194	2
13171	13197	2
13171	13200	2
13171	13203	1
13171	13204	2
13171	13207	2
13171	13210	2
13213	13214	1
13214	13215	2
13214	13220	2
13214	13225	2
13214	13228	2
13214	13233	1
13233	13234	1
13233	13235	2
13233	13240	1
13233	13241	2
13233	13244	1
13233	13245	2
13233	13250	2
13233	13253	2
13233	13256	1
13233	13257	2
13233	13260	1
13233	13261	2
13233	13264	2
13233	13267	2
13214	13272	1
13272	13273	2
13272	13280	2
13272	13285	2
13272	13290	1
13272	13291	2
13272	13294	1
13272	13295	2
13272	13298	1
13272	13299	2
13272	13302	1
13272	13303	2
13214	13308	1
13308	13309	1
13308	13310	2
13308	13315	1
13308	13316	2
13308	13319	2
13308	13324	1
13308	13325	2
13308	13330	2
13308	13333	2
13308	13336	2
13308	13339	1
13308	13340	2
13308	13343	1
13308	13344	2
13213	13351	1
13351	13352	2
13351	13355	2
13351	13358	2
13351	13361	2
13351	13364	2
13351	13367	2
13351	13370	2
13213	13375	1
13375	13376	1
13375	13377	2
13375	13382	2
13375	13387	2
13375	13390	1
13375	13391	2
13375	13394	2
13375	13399	2
13375	13402	2
13375	13407	2
13375	13412	1
13375	13413	2
13375	13416	2
13375	13419	2
13375	13424	2
13375	13429	1
13375	13430	2
13375	13433	2
13375	13436	2
13375	13439	2
13375	13442	1
13442	13443	1
13442	13444	2
13442	13449	2
13442	13454	2
13442	13459	2
13442	13464	2
13442	13467	2
13442	13470	2
13442	13473	1
13442	13474	2
13442	13477	1
13442	13478	2
13442	13483	2
13442	13488	2
13442	13491	1
13442	13492	2
13442	13495	2
13442	13498	2
13442	13501	2
13442	13506	2
13442	13511	2
13375	13516	1
13516	13517	2
13516	13520	2
13516	13523	2
13516	13526	2
13516	13529	2
13516	13534	2
13516	13537	2
13516	13540	2
13516	13543	2
13516	13546	2
13516	13551	2
13516	13556	2
13516	13559	1
13516	13560	2
13213	13563	1
13563	13564	1
13563	13565	2
13563	13568	1
13563	13569	2
13563	13574	2
13563	13579	2
13563	13584	2
13563	13589	2
13563	13594	2
13563	13599	2
13563	13604	2
13563	13609	2
13563	13614	2
13563	13617	1
13563	13618	2
13563	13621	2
13563	13624	2
13563	13629	2
13563	13634	2
13563	13639	2
13213	13642	1
13642	13643	2
13642	13650	2
13642	13653	2
13642	13656	2
13213	13659	1
13659	13660	1
13659	13661	2
13659	13664	2
13659	13667	2
13670	13671	1
13671	13672	1
13671	13673	2
13673	13674	3
13671	13684	2
13684	13685	3
13671	13692	2
13671	13702	2
13671	13709	2
13709	13710	3
13671	13719	2
13719	13720	3
13671	13724	2
13671	13728	2
13671	13738	2
13671	13748	2
13671	13758	2
13671	13768	2
13671	13778	2
13778	13779	3
13671	13789	2
13671	13799	2
13799	13800	3
13671	13807	2
13807	13808	3
13671	13815	2
13815	13816	3
13671	13826	1
13671	13827	2
13827	13828	3
13671	13835	2
13835	13836	3
13671	13845	2
13845	13846	3
13671	13856	2
13856	13857	3
13671	13861	2
13671	13865	2
13671	13878	2
13671	13888	2
13671	13901	2
13671	13911	2
13671	13921	2
13921	13922	3
13671	13935	1
13671	13936	2
13936	13937	3
13671	13941	2
13671	13945	2
13671	13949	2
13671	13953	2
13671	13957	2
13670	13961	1
13961	13962	1
13962	13963	1
13962	13964	2
13964	13965	3
13962	13988	2
13988	13989	3
13962	13999	2
13999	14000	3
13962	14007	1
13962	14008	2
14008	14009	3
13962	14016	2
14016	14017	3
13962	14027	1
13962	14028	2
14028	14029	3
13962	14039	2
13962	14049	2
14049	14050	3
13962	14060	2
14060	14061	3
13962	14068	2
13962	14075	1
13962	14076	2
14076	14077	3
13962	14081	2
13962	14085	2
13962	14089	2
13962	14093	1
13962	14094	2
14094	14095	3
13962	14102	2
13962	14109	2
13962	14116	2
13962	14120	2
13962	14124	1
13962	14125	2
14125	14126	3
13962	14136	2
13962	14146	2
14146	14147	3
13961	14151	1
14151	14152	1
14151	14153	2
14153	14154	3
14151	14177	2
14177	14178	3
14151	14188	2
14188	14189	3
14151	14196	2
14196	14197	3
14151	14204	2
14204	14205	3
14151	14212	2
14151	14222	1
14151	14223	2
14223	14224	3
14151	14231	2
14231	14232	3
14151	14242	1
14151	14243	2
14243	14244	3
14151	14248	2
14151	14252	2
14151	14256	2
14151	14260	1
14151	14261	2
14261	14262	3
14151	14272	2
14151	14282	2
14282	14283	3
14151	14293	2
14293	14294	3
14151	14301	2
14151	14308	1
14151	14309	2
14309	14310	3
14151	14317	2
14151	14324	2
14151	14331	2
14151	14335	2
14151	14339	2
13961	14343	1
14343	14344	1
14343	14345	2
14345	14346	3
14343	14369	2
14369	14370	3
14343	14380	2
14380	14381	3
14343	14391	2
14391	14392	3
14343	14399	2
14399	14400	3
14343	14407	2
14407	14408	3
14343	14415	2
14415	14416	3
14343	14426	2
14426	14427	3
14343	14431	2
14343	14438	2
14343	14445	2
14343	14455	1
14343	14456	2
14456	14457	3
14343	14464	2
14464	14465	3
14343	14475	2
14475	14476	3
14343	14480	1
14343	14481	2
14481	14482	3
14343	14489	2
14343	14496	2
14343	14503	2
14343	14507	1
14343	14508	2
14508	14509	3
14343	14516	2
14343	14523	2
14343	14530	2
14343	14534	2
14343	14538	2
14343	14542	1
14343	14543	2
14543	14544	3
14343	14554	2
14343	14564	2
14564	14565	3
13961	14569	1
14569	14570	1
14569	14571	2
14571	14572	3
14569	14582	2
14582	14583	3
14569	14593	2
14593	14594	3
14569	14598	2
14569	14608	2
14608	14609	3
14569	14616	2
14616	14617	3
14569	14624	2
14569	14631	2
14569	14638	2
14569	14648	1
14569	14649	2
14649	14650	3
14569	14660	2
14660	14661	3
14569	14668	2
14569	14675	2
14569	14682	2
14569	14689	2
14569	14696	2
14569	14703	1
14569	14704	2
14704	14705	3
14569	14712	2
14569	14719	2
14569	14726	2
14569	14733	2
14569	14737	2
14569	14744	1
14569	14745	2
14745	14746	3
14569	14756	2
14569	14766	2
14766	14767	3
14569	14774	2
14569	14781	2
14569	14785	2
14569	14792	2
14569	14796	2
14569	14803	2
14569	14810	2
14569	14814	2
14569	14821	2
14569	14825	2
14569	14829	2
14569	14832	2
14569	14836	2
14569	14840	2
14569	14844	1
14569	14845	2
14845	14846	3
14569	14853	2
14569	14860	2
14569	14867	2
14569	14871	2
13961	14875	1
14875	14876	1
14875	14877	2
14877	14878	3
14875	14888	2
14888	14889	3
14875	14899	2
14899	14900	3
14875	14910	2
14910	14911	3
14875	14918	2
14918	14919	3
14875	14926	2
14875	14936	1
14875	14937	2
14937	14938	3
14875	14945	2
14945	14946	3
14875	14956	1
14875	14957	2
14957	14958	3
14875	14965	2
14875	14972	2
14875	14979	1
14875	14980	2
14980	14981	3
14875	14985	2
14875	14989	2
14875	14993	2
14875	14997	1
14875	14998	2
14998	14999	3
14875	15009	2
14875	15019	2
15019	15020	3
14875	15030	2
15030	15031	3
14875	15038	2
14875	15045	1
14875	15046	2
15046	15047	3
14875	15051	2
14875	15055	1
14875	15056	2
15056	15057	3
14875	15064	2
14875	15071	2
14875	15078	1
14875	15079	2
15079	15080	3
14875	15087	2
14875	15094	2
14875	15101	2
14875	15105	2
14875	15109	2
13670	15113	1
15113	15114	1
15114	15115	2
15115	15116	3
15114	15126	2
15114	15136	2
15136	15137	3
15114	15141	2
15114	15145	2
15114	15152	2
15114	15159	2
15114	15163	2
15114	15167	2
15167	15168	3
15114	15175	2
15175	15176	3
15114	15186	2
15186	15187	3
15114	15191	1
15114	15192	2
15192	15193	3
15114	15203	2
15114	15213	2
15213	15214	3
15114	15218	2
15114	15222	2
15222	15223	3
15114	15230	2
15230	15231	3
15114	15241	2
15241	15242	3
15113	15246	1
15246	15247	2
15247	15248	3
15246	15258	2
15246	15268	2
15268	15269	3
15246	15276	2
15246	15283	2
15283	15284	3
15246	15294	2
15294	15295	3
15113	15299	1
15299	15300	2
15300	15301	3
15299	15311	2
15299	15321	2
15299	15328	2
15328	15329	3
15299	15339	2
15339	15340	3
15299	15344	2
15299	15348	2
15299	15352	2
15299	15356	2
15356	15357	3
15299	15361	2
15299	15365	2
13670	15369	1
15369	15370	1
15370	15371	2
15371	15372	3
15370	15376	2
15376	15377	3
15370	15387	2
15387	15388	3
15370	15392	2
15370	15399	2
15399	15400	3
15370	15407	2
15407	15408	3
15370	15415	2
15415	15416	3
15370	15423	2
15423	15424	3
15370	15431	2
15431	15432	3
15370	15439	2
15439	15440	3
15370	15444	2
15370	15448	2
15370	15452	2
15370	15456	2
15456	15457	3
15370	15461	2
15370	15465	2
15370	15469	2
15370	15473	2
15369	15477	1
15477	15478	2
15478	15479	3
15477	15483	2
15483	15484	3
15477	15494	2
15494	15495	3
15477	15499	2
15477	15503	2
15503	15504	3
15477	15511	2
15511	15512	3
15477	15519	2
15519	15520	3
15477	15527	2
15527	15528	3
15477	15532	2
15532	15533	3
15477	15540	2
15540	15541	3
15477	15545	2
15477	15549	2
15477	15553	2
15477	15557	2
15557	15558	3
15477	15562	2
15477	15566	2
15477	15570	2
15369	15574	1
15574	15575	2
15575	15576	3
15574	15583	2
15583	15584	3
15574	15591	2
15591	15592	3
15574	15599	2
15599	15600	3
15574	15607	2
15607	15611	3
15574	15615	2
15574	15622	2
15622	15623	3
15574	15627	2
15574	15631	2
15574	15635	2
15635	15636	3
15574	15646	2
15646	15647	3
15574	15651	2
15574	15655	2
15574	15659	2
15574	15663	2
15663	15664	3
15574	15668	2
15574	15672	2
15574	15676	2
15574	15680	2
15574	15684	2
15574	15688	2
15574	15692	2
15692	15693	3
15369	15700	1
15700	15701	2
15701	15702	3
15700	15706	2
15706	15707	3
15700	15714	2
15714	15715	3
15700	15722	2
15700	15729	2
15700	15736	2
15736	15737	3
15700	15744	2
15744	15745	3
15700	15749	2
15700	15753	2
15700	15757	2
15700	15761	2
15761	15762	3
15700	15766	2
15700	15770	2
15700	15774	2
15700	15778	2
15700	15782	2
15700	15786	2
15700	15790	2
15700	15794	2
15369	15798	1
15798	15799	2
15799	15800	3
15798	15804	2
15804	15805	3
15798	15809	2
15798	15816	2
15798	15823	2
15823	15824	3
15798	15831	2
15831	15832	3
15798	15839	2
15839	15840	3
13670	15849	1
15849	15850	1
15850	15851	1
15850	15852	2
15852	15853	3
15850	15859	2
15850	15864	2
15850	15871	2
15850	15876	2
15876	15877	3
15850	15883	2
15883	15884	3
15850	15888	2
15850	15892	2
15892	15893	3
15850	15897	1
15850	15898	2
15898	15899	3
15850	15906	2
15850	15910	2
15850	15914	2
15850	15921	2
15921	15922	3
15849	15929	1
15929	15930	1
15929	15931	2
15931	15932	3
15929	15938	2
15938	15939	3
15929	15943	2
15929	15947	1
15929	15948	2
15948	15949	3
15929	15953	2
15953	15954	3
15929	15961	1
15929	15962	2
15962	15963	3
15929	15967	2
15967	15968	3
15929	15975	2
15975	15976	3
15929	15982	1
15929	15983	2
15983	15984	3
15929	15988	2
15929	15992	1
15929	15993	2
15993	15994	3
15929	16001	2
15929	16005	2
16005	16006	3
15849	16013	1
16013	16014	1
16013	16015	2
16015	16016	3
16013	16022	2
16013	16027	2
16027	16028	3
16013	16034	2
16034	16035	3
16013	16039	2
16013	16043	2
16043	16044	3
16013	16051	1
16013	16052	2
16052	16053	3
16013	16059	2
16013	16064	2
16064	16065	3
16013	16071	2
16071	16072	3
16013	16076	2
16013	16080	2
16080	16081	3
16013	16088	1
16013	16089	2
16089	16090	3
16013	16096	2
16013	16101	2
16101	16102	3
16013	16108	2
16108	16109	3
16013	16113	2
16113	16114	3
16013	16121	1
16013	16122	2
16122	16123	3
16013	16129	2
16013	16134	2
16134	16135	3
16013	16141	2
16141	16142	3
16013	16146	2
16146	16147	3
16013	16154	1
16013	16155	2
16155	16156	3
16013	16162	2
16013	16167	2
16167	16168	3
16013	16174	2
16174	16175	3
16013	16179	2
16179	16180	3
16013	16187	1
16013	16188	2
16188	16189	3
16013	16195	2
16013	16200	2
16200	16201	3
16013	16207	2
16207	16208	3
16013	16212	1
16013	16213	2
16213	16214	3
16013	16220	2
16013	16225	2
16225	16226	3
16013	16232	2
16232	16233	3
16013	16237	1
16013	16238	2
16238	16239	3
16013	16245	2
16013	16250	2
16250	16251	3
16013	16257	2
16257	16258	3
16013	16262	1
16013	16263	2
16263	16264	3
16013	16270	2
16013	16275	2
16275	16276	3
16013	16282	2
16282	16283	3
16013	16287	1
16013	16288	2
16288	16289	3
16013	16295	2
16013	16300	1
16013	16301	2
16301	16302	3
16013	16308	2
15849	16313	1
16313	16314	1
16313	16315	2
16315	16316	3
16313	16320	2
16320	16321	3
16313	16325	2
16313	16329	1
16313	16330	2
16330	16331	3
16313	16335	2
16313	16338	2
16313	16341	2
16341	16342	3
16313	16346	2
16313	16350	1
16313	16351	2
16351	16352	3
16313	16358	2
16358	16359	3
16313	16363	1
16313	16364	2
16364	16365	3
16313	16369	2
16313	16374	2
16313	16377	2
16377	16378	3
16313	16382	1
16313	16383	2
16383	16384	3
16313	16388	2
16313	16392	2
16313	16396	2
16313	16400	1
16313	16401	2
16401	16402	3
16313	16408	2
16313	16412	1
16313	16413	2
16413	16414	3
16313	16418	2
16313	16422	1
16313	16423	2
16423	16424	3
16313	16428	2
16313	16432	1
16313	16433	2
16433	16434	3
15849	16441	1
16441	16442	1
16441	16443	2
16443	16444	3
16441	16448	2
16441	16452	2
16441	16456	2
16441	16460	2
16441	16467	1
16441	16468	2
16468	16469	3
16441	16473	2
16441	16477	2
16441	16481	2
16481	16482	3
16441	16489	1
16441	16490	2
16490	16491	3
16441	16495	2
16441	16502	2
13670	16506	1
16506	16507	1
16506	16508	2
16508	16509	3
16506	16513	2
16513	16514	3
16506	16524	2
16524	16525	3
16506	16529	2
16506	16533	2
16506	16537	2
16537	16538	3
16506	16544	2
16544	16545	3
16506	16552	1
16506	16553	2
16553	16554	3
16506	16558	2
16506	16561	2
16561	16562	3
16506	16568	2
16568	16569	3
16506	16573	1
16506	16574	2
16574	16575	3
16506	16579	2
16506	16583	2
16506	16590	1
16506	16591	2
16591	16592	3
13670	16598	1
16598	16599	1
16599	16600	2
16600	16601	3
16599	16609	2
16599	16616	2
16598	16623	1
16623	16624	2
16623	16631	2
16598	16638	1
16638	16639	2
16598	16646	1
16646	16647	2
16646	16654	2
16598	16661	1
16661	16662	2
16661	16669	2
16661	16676	2
16661	16683	2
16598	16690	1
16690	16691	2
16690	16698	2
16598	16705	1
16705	16706	2
16705	16713	2
16705	16720	2
16598	16727	1
16727	16728	2
16727	16735	2
13670	16742	1
16742	16743	1
16743	16744	1
16743	16745	2
16745	16746	3
16743	16750	2
16743	16753	2
16743	16756	2
16743	16759	2
16743	16762	1
16743	16763	2
16743	16766	2
16743	16769	2
16743	16772	2
16743	16775	1
16743	16776	2
16743	16779	2
16743	16782	2
16743	16785	2
16743	16788	2
16742	16791	1
16791	16792	2
16792	16793	3
16791	16797	2
16742	16801	1
16801	16802	2
16802	16803	3
16801	16807	2
16801	16810	2
16801	16813	2
16742	16816	1
16816	16817	1
16816	16818	2
16818	16819	3
16816	16825	2
16816	16828	2
16816	16831	2
16816	16834	2
16816	16837	2
16816	16840	2
16816	16843	2
16816	16846	2
16816	16849	2
16816	16852	2
16816	16855	2
16816	16858	2
16816	16861	2
16816	16864	2
16816	16867	2
16816	16870	1
16816	16871	2
16816	16876	2
16816	16881	2
16816	16886	2
16816	16889	1
16816	16890	2
16890	16891	3
16816	16901	2
16816	16911	2
16911	16912	3
16816	16919	2
16816	16926	2
16926	16927	3
16742	16937	1
16937	16938	2
16938	16939	3
16937	16943	2
16937	16947	2
16742	16951	1
16951	16952	2
16952	16953	3
16951	16957	2
16951	16961	2
16951	16965	2
16951	16969	2
16951	16973	2
16951	16977	2
16951	16981	2
16951	16985	2
16951	16989	2
16996	16997	1
16997	16998	2
16998	16999	3
16997	17005	2
17005	17006	3
16997	17012	2
16997	17018	2
17018	17019	3
16997	17023	2
17023	17024	3
16997	17028	2
17028	17029	3
16997	17033	2
17033	17034	3
16997	17038	2
17038	17039	3
16997	17043	2
17043	17044	3
16997	17048	2
17048	17049	3
16997	17053	2
17053	17054	3
16997	17058	2
17058	17059	3
16996	17066	1
17066	17067	1
17066	17068	2
17068	17069	3
17066	17077	2
17077	17078	3
17066	17082	1
17066	17083	2
17083	17084	3
17066	17090	2
17066	17093	2
17093	17094	3
17066	17100	1
17066	17101	2
17101	17102	3
17066	17108	2
17108	17109	3
17066	17115	2
17115	17116	3
17066	17122	2
17122	17123	3
17066	17131	2
17131	17132	3
17066	17138	2
17138	17139	3
17066	17145	2
17145	17146	3
17066	17154	2
17154	17155	3
17066	17163	2
17163	17164	3
17066	17168	1
17066	17169	2
17169	17170	3
17066	17178	2
17178	17179	3
17066	17183	1
17066	17184	2
17184	17185	3
17066	17191	1
17066	17192	2
17192	17193	3
17066	17199	1
17066	17200	2
17200	17201	3
17066	17209	1
17066	17210	2
17210	17211	3
16996	17215	1
17215	17216	1
17215	17217	2
17217	17218	3
17215	17222	2
17222	17223	3
17215	17227	2
17227	17228	3
17215	17234	1
17215	17235	2
17235	17236	3
17215	17240	2
17215	17247	2
17215	17251	2
17215	17255	1
17215	17256	2
17256	17257	3
17215	17263	2
17263	17264	3
17215	17268	1
17215	17269	2
17269	17270	3
17215	17276	2
17276	17277	3
17215	17281	2
17281	17282	3
17215	17288	2
17288	17289	3
17215	17293	2
17293	17294	3
17215	17298	2
17298	17299	3
17215	17303	2
17303	17304	3
17215	17308	2
17308	17309	3
17215	17315	2
17315	17316	3
17215	17320	2
17320	17321	3
17215	17325	2
17325	17326	3
17215	17330	1
17215	17331	2
17331	17332	3
17215	17336	2
17336	17337	3
17215	17343	2
17215	17346	2
17215	17351	2
17351	17352	3
17215	17356	2
17356	17357	3
17215	17361	1
17215	17362	2
17362	17363	3
17215	17367	2
17367	17368	3
17215	17374	2
17374	17375	3
17215	17379	1
17215	17380	2
17380	17381	3
17215	17387	2
17387	17388	3
17215	17392	1
17215	17393	2
17393	17394	3
17215	17400	2
17400	17401	3
17215	17405	2
17405	17406	3
17215	17412	1
17215	17413	2
17413	17414	3
17215	17420	2
17420	17421	3
17215	17425	2
17425	17426	3
17215	17430	2
17430	17431	3
17215	17435	1
17215	17436	2
17436	17437	3
17215	17441	2
17215	17444	1
17215	17445	2
17445	17446	3
17215	17450	1
17215	17451	2
17451	17452	3
17215	17458	2
17215	17461	1
17215	17462	2
17215	17465	1
17215	17466	2
17215	17469	1
17215	17470	2
17215	17473	1
17215	17474	2
17215	17477	1
17215	17478	2
17215	17481	1
17215	17482	2
17215	17485	1
17215	17486	2
16996	17489	1
17489	17490	1
17489	17491	2
17491	17492	3
17489	17496	2
17496	17497	3
17489	17501	2
17501	17502	3
17489	17506	2
17506	17507	3
17489	17511	1
17489	17512	2
17512	17513	3
17489	17517	2
17517	17518	3
17489	17522	1
17489	17523	2
17523	17524	3
17489	17528	1
17489	17529	2
17529	17530	3
17489	17534	1
17489	17535	2
17535	17536	3
16996	17540	1
17540	17541	2
17541	17542	3
17540	17548	2
17548	17549	3
17540	17555	2
17555	17556	3
17540	17562	2
17562	17563	3
17540	17567	1
17540	17568	2
17568	17569	3
17540	17573	1
17540	17574	2
17574	17575	3
17540	17579	2
17579	17580	3
17540	17584	1
17540	17585	2
17585	17586	3
17540	17590	2
17590	17591	3
16996	17597	1
17597	17598	1
17597	17599	2
17599	17600	3
17597	17604	2
17604	17605	3
17597	17615	2
17615	17616	3
17597	17626	2
17626	17627	3
17597	17635	2
17635	17636	3
17597	17640	1
17597	17641	2
17641	17642	3
17597	17652	2
17652	17653	3
17597	17663	2
17663	17664	3
17597	17672	2
17672	17673	3
17597	17677	1
17597	17678	2
17678	17679	3
17597	17689	2
17689	17690	3
17597	17700	2
17700	17701	3
17597	17709	2
17709	17710	3
17597	17714	1
17597	17715	2
17715	17716	3
17597	17726	2
17726	17727	3
17597	17737	1
17597	17738	2
17738	17739	3
17597	17749	2
17749	17750	3
17597	17754	2
17754	17755	3
17597	17759	2
17759	17760	3
17597	17770	2
17770	17771	3
17597	17781	2
17781	17782	3
17597	17786	1
17597	17787	2
17787	17788	3
17597	17798	2
17798	17799	3
17597	17809	2
17809	17810	3
17597	17820	2
17820	17821	3
17597	17831	2
17831	17832	3
17597	17842	2
17842	17843	3
17597	17847	2
17847	17848	3
17597	17858	1
17597	17859	2
17859	17860	3
17597	17866	1
17597	17867	2
17867	17868	3
17597	17872	2
17872	17873	3
17597	17883	2
17883	17884	3
17597	17894	2
17597	17901	1
17597	17902	2
17902	17903	3
