3117	3065	1
3065	325	2
325	1350	3
3065	1748	2
3065	961	2
3065	421	2
421	1869	3
3065	1054	2
3065	645	2
3065	1061	2
1061	309	3
3065	1189	2
1189	910	3
3065	2038	2
3065	693	2
3065	2093	2
3065	632	2
3065	740	2
3065	2543	1
3065	1477	2
1477	1106	3
3065	207	2
207	63	3
3065	2022	2
3065	297	2
297	2146	3
3065	1589	2
3065	2832	1
3065	1433	2
3065	51	2
3065	647	2
3065	2447	1
3065	1469	2
3065	2193	1
3065	1506	2
1506	1352	3
3065	138	2
3065	959	2
3065	1388	2
3065	669	2
3065	2395	1
3065	762	2
3065	783	2
783	180	3
3065	2714	1
3065	825	2
3065	2329	1
3065	560	2
3065	176	2
3065	3164	1
3065	150	2
3065	973	2
3065	1922	2
3065	282	2
3065	130	2
3065	2237	1
3065	102	2
3065	894	2
894	98	3
3065	182	2
3065	1359	2
3065	946	2
3065	2584	1
2584	1540	2
1540	94	3
2584	24	2
2584	1845	2
2584	2052	2
2584	407	2
2584	1336	2
1336	799	3
2584	1561	2
2584	2439	1
2584	2845	1
3065	2942	1
2942	3060	1
3060	1148	2
1148	80	3
3060	2435	1
3060	1200	2
3060	1453	2
3060	348	2
3060	1282	2
3060	2306	1
3060	1037	2
1037	539	3
3060	490	2
490	702	3
3060	2931	1
3060	3130	1
3060	263	2
3060	3007	1
3060	2595	1
3060	1068	2
3060	1665	2
3060	1997	2
3060	1597	2
3060	746	2
3060	806	2
2942	2523	1
2523	1042	2
1042	941	3
2523	3128	1
2523	1486	2
2523	2748	1
2523	68	2
2523	3001	1
2523	1383	2
2523	236	2
236	1991	3
236	1569	3
2523	2764	1
2523	666	2
2523	132	2
2523	1180	2
2523	1911	2
2942	2912	1
2912	1900	2
1900	652	3
3065	3093	1
3093	3185	1
3093	3025	1
3025	1460	2
3025	561	2
3025	797	2
3025	1707	2
3025	1381	2
3025	2755	1
3025	36	2
36	1378	3
3025	317	2
3025	976	2
976	757	3
3025	728	2
3025	151	2
3025	3203	1
3025	1424	2
1424	1092	3
3025	1622	2
3025	1844	2
3025	2650	1
3025	1909	2
3025	341	2
341	660	3
3025	1671	2
3025	1635	2
3025	2862	1
3025	1254	2
3025	1887	2
3025	881	2
3025	2929	1
3025	447	2
3065	2610	1
2610	2199	1
2610	2147	2
2610	257	2
2610	2386	1
2610	1960	2
2610	26	2
26	1898	3
2610	3135	1
3135	2598	1
3135	1481	2
1481	1729	3
3135	569	2
3135	2904	1
3135	1491	2
3135	307	2
3117	2335	1
2335	918	2
2335	1560	2
2335	851	2
2335	695	2
2335	584	2
2335	1366	2
2335	177	2
2335	2424	1
2335	1463	2
2335	2517	1
2335	2246	1
2246	983	2
2335	2503	1
2503	2154	1
2503	1862	2
3117	2729	1
2729	3207	1
2729	2174	1
2729	428	2
2729	3217	1
2729	3198	1
2729	1360	2
2729	1762	2
2729	720	2
2729	1594	2
2729	3020	1
2729	2104	2
2729	1230	2
2729	1543	2
2729	1550	2
2729	646	2
2729	1640	2
2729	585	2
2729	2623	1
2623	3120	1
2623	922	2
2623	997	2
2623	2579	1
2729	2876	1
2876	2458	1
2876	328	2
2876	2782	1
2876	963	2
2876	1894	2
2876	2272	1
2876	1494	2
2876	34	2
2729	2881	1
2881	2591	1
2591	2702	1
2591	1211	2
2591	2822	1
2591	1677	2
2591	2925	1
2591	2761	1
2591	3209	1
2591	496	2
2591	492	2
2591	2868	1
2591	481	2
2591	1462	2
2591	1711	2
2591	1651	2
2591	1906	2
2591	621	2
2575	2519	1
2575	2690	1
2575	1162	2
2575	753	2
2575	2576	1
2575	1206	2
2575	1337	2
2575	71	2
2575	2170	1
2575	1508	2
2575	1859	2
2729	2751	1
2751	2938	1
2938	129	2
2938	1992	2
2938	2495	1
2938	2068	2
2938	1411	2
2938	2716	1
2938	485	2
2751	2647	1
2647	905	2
2647	2592	1
2647	1265	2
2647	3139	1
2751	2682	1
2682	717	2
2682	698	2
2682	1943	2
2629	2972	1
2972	2346	1
2972	2341	1
2972	2898	1
2972	2239	1
2972	644	2
2972	839	2
2972	1679	2
2972	1120	2
2972	3142	1
2972	3038	1
2972	2396	1
2972	2165	1
2972	833	2
2972	2875	1
2972	2018	2
2972	2369	1
2972	2937	1
2972	1802	2
2972	2653	1
2972	1149	2
2972	2577	1
2972	50	2
2972	2737	1
2629	2177	1
2177	1556	2
2177	3157	1
2177	704	2
2177	2899	1
2177	1692	2
2177	3008	1
2177	737	2
2177	489	2
2177	2466	1
2177	2854	1
2177	916	2
2177	2138	2
2177	1204	2
2177	2858	1
2177	1321	2
2177	507	2
2177	2183	1
2177	418	2
2177	1113	2
2177	42	2
2177	2100	2
2177	3018	1
2177	2258	1
2177	148	2
2177	1662	2
2177	2169	1
2177	2593	1
2177	2236	1
2177	1767	2
2177	2883	1
2177	1407	2
2177	2678	1
2177	1489	2
2177	3119	1
2177	1226	2
2177	3013	1
2177	3089	1
2733	2152	1
2152	429	2
2152	372	2
2152	1277	2
2152	842	2
2152	1154	2
2152	1978	2
2152	1954	2
2152	1423	2
2152	1086	2
2152	2287	1
2152	1727	2
2152	2675	1
2152	1164	2
2152	2394	1
2152	1973	2
2152	707	2
2152	2413	1
2152	1293	2
2152	3222	1
2152	557	2
2152	2443	1
2152	402	2
2152	1689	2
2152	2970	1
2152	2492	1
2152	1459	2
2152	2571	1
2152	1255	2
2152	2122	2
2152	1219	2
2152	281	2
2152	3059	1
2152	2723	1
2152	2900	1
2152	1965	2
2152	3071	1
2152	2686	1
2152	700	2
2152	375	2
2152	927	2
2152	2473	1
2473	2391	1
2391	2490	1
2391	462	2
2391	3072	1
2391	2588	1
2391	2815	1
2391	208	2
2391	624	2
2391	2113	2
2391	2407	1
2391	145	2
2391	2441	1
2391	1712	2
2391	2745	1
2391	1903	2
2391	2028	2
2391	2911	1
2391	2977	1
2391	868	2
2391	2954	1
2391	2940	1
2391	2148	2
2391	1269	2
2391	2734	1
2391	1315	2
2391	3050	1
2391	1389	2
2391	1339	2
2733	2229	1
2229	108	2
2229	615	2
2229	1697	2
2229	378	2
2229	1819	2
2229	349	2
2229	1447	2
2229	318	2
2229	1658	2
2229	2006	2
2229	655	2
2229	2400	1
2229	1704	2
2229	2790	1
2229	3079	1
2229	1324	2
2229	802	2
2229	2352	1
2229	1977	2
2229	2452	1
2229	907	2
2229	2372	1
2229	1695	2
2229	1060	2
2229	705	2
2229	3066	1
2229	3174	1
2229	2417	1
2229	3052	1
2229	1451	2
2229	3218	1
2229	2888	1
2229	2219	1
2229	2557	1
2229	120	2
2229	3149	1
2229	2126	2
2229	468	2
2229	3134	1
2229	1946	2
2229	1654	2
2229	3143	1
3143	2366	1
2366	1530	2
2366	30	2
2366	81	2
2366	1422	2
2366	1822	2
2366	3129	1
2366	1363	2
2366	2637	1
2366	1216	2
2366	2867	1
2366	662	2
2366	2431	1
2366	883	2
2366	69	2
2366	3200	1
2366	2250	1
2366	1585	2
2366	2785	1
2366	1940	2
2366	817	2
2366	2248	1
2366	1074	2
2366	2930	1
2366	1628	2
2366	3180	1
2366	2873	1
2366	508	2
2366	2892	1
2366	1109	2
2366	2308	1
2366	1163	2
2366	3055	1
2366	2345	1
2366	186	2
2366	2615	1
2366	752	2
2366	2834	1
2229	2962	1
2962	2440	1
2440	2654	1
2440	3	2
2440	2739	1
2440	109	2
2440	2646	1
2440	1929	2
2440	2731	1
2440	1205	2
2440	3080	1
2440	115	2
2440	917	2
2440	244	2
2440	2359	1
2440	367	2
2440	2808	1
2440	900	2
2440	2469	1
2440	1367	2
2440	2251	1
2440	2741	1
2440	1103	2
2440	3132	1
2440	427	2
2440	1055	2
2440	2767	1
2440	3179	1
2440	2564	1
2962	2370	1
2370	188	2
2370	606	2
2370	2066	2
2370	2842	1
2370	1738	2
2370	3098	1
2370	1753	2
2370	3003	1
2370	1175	2
2370	1572	2
2370	266	2
2370	2746	1
2370	1921	2
2370	1035	2
2370	2184	1
2370	320	2
2370	534	2
2370	84	2
2370	2710	1
2370	330	2
2370	1215	2
2370	2574	1
2370	3085	1
2370	1743	2
2370	2590	1
2370	1397	2
2370	2680	1
2370	1131	2
2370	2470	1
2370	2180	1
2370	982	2
2370	2160	1
2370	1145	2
2370	2303	1
2370	86	2
2370	3150	1
2370	3126	1
2370	2031	2
2370	1058	2
1056	1852	3
1286	2150	3
2036	339	3
1558	1749	3
832	2041	3
1788	2037	3
1833	321	3
1127	1637	3
2017	153	3
2626	2935	1
2935	2200	1
2935	2505	1
2935	2172	1
2935	2098	2
2935	1090	2
2935	814	2
814	1179	3
2935	2617	1
2935	552	2
2935	694	2
694	692	3
2935	379	2
379	252	3
2935	2835	1
2935	2159	1
2935	2506	1
2935	362	2
362	258	3
2935	465	2
465	1244	3
2935	966	2
2935	2426	1
2935	1719	2
1719	57	3
2935	2922	1
2935	2901	1
2935	1198	2
2935	3096	1
2935	2597	1
2935	216	2
2935	2763	1
2935	1984	2
2935	2696	1
2935	2774	1
2935	1999	2
1999	1357	3
2935	2358	1
2935	95	2
2935	1701	2
2935	866	2
2935	2918	1
2935	3213	1
2935	271	2
2935	3178	1
2935	2725	1
2935	3124	1
2935	578	2
578	1004	3
578	506	3
2935	2537	1
2935	1177	2
1177	1253	3
2935	2301	1
2935	819	2
819	1765	3
2935	2343	1
2935	2567	1
2935	416	2
2736	2587	1
2587	1661	2
1661	215	3
2587	472	2
2587	241	2
2587	1549	2
2587	1981	2
2587	1105	2
2587	2683	1
2587	2528	1
2587	41	2
2587	2307	1
2587	1581	2
1581	1243	3
2587	2130	2
2587	1499	2
1499	1693	3
2587	1832	2
1832	1563	3
2587	2175	1
2587	864	2
864	204	3
2587	1527	2
1527	515	3
2587	2778	1
2587	2713	1
2587	1795	2
2587	1394	2
2587	2874	1
2587	1306	2
1306	901	3
1306	56	3
2587	2902	1
2587	445	2
445	1195	3
2587	1994	2
2587	2140	2
2587	2580	1
2587	1036	2
2587	2197	1
2587	2728	1
2587	2212	1
2587	2318	1
2587	2853	1
2587	119	2
2587	3023	1
2587	2397	1
2587	3113	1
2587	2019	2
2019	1479	3
2736	2371	1
2371	3084	1
2371	940	2
2371	2973	1
2371	1130	2
2371	2983	1
2371	1615	2
2371	134	2
134	1668	3
2371	2445	1
2371	1406	2
2371	2969	1
2371	1566	2
2371	438	2
438	659	3
2371	3202	1
2371	789	2
2371	3091	1
2371	234	2
2371	2425	1
2371	1509	2
1509	981	3
2371	2613	1
2371	607	2
2371	2326	1
2371	2279	1
2371	1868	2
1868	1941	3
2371	2220	1
2371	1836	2
2371	2529	1
2371	238	2
2371	2514	1
2371	1026	2
1026	1030	3
2371	2167	1
2371	1811	2
2371	2401	1
2371	895	2
895	2151	3
2371	2985	1
2736	2243	1
2243	748	2
748	815	3
2243	1621	2
2243	800	2
2243	1084	2
1084	144	3
2243	2097	2
2097	967	3
2243	1503	2
1503	775	3
2243	423	2
2243	1964	2
2243	1257	2
1257	2112	3
2243	729	2
2243	12	2
2243	3068	1
2243	2538	1
2243	2108	2
2243	2280	1
2243	597	2
2243	159	2
159	2123	3
2243	577	2
577	874	3
2243	1202	2
1202	510	3
2243	2488	1
2243	2060	2
2060	274	3
2243	1726	2
1726	715	3
2243	2606	1
2243	3009	1
2243	2141	2
2243	701	2
2243	2532	1
2243	3004	1
2243	2546	1
2243	170	2
170	580	3
2243	2026	2
2243	2525	1
2243	2679	1
2243	2203	1
2243	1888	2
1888	2051	3
2243	2758	1
2243	2269	1
2243	774	2
774	1987	3
2243	3158	1
2243	1539	2
2243	2884	1
2243	2158	1
2243	47	2
2243	2168	1
2243	1428	2
2243	33	2
3090	3035	1
3035	776	2
3035	66	2
3035	1647	2
3035	2599	1
3035	545	2
3035	681	2
3035	417	2
3035	1706	2
3035	2611	1
3035	284	2
3035	674	2
3035	1078	2
3035	2795	1
3035	455	2
3035	2047	2
3035	3053	1
3035	1311	2
3035	2711	1
3035	2491	1
3035	1770	2
3035	608	2
3090	2730	1
2730	1655	2
2730	1487	2
2730	237	2
2730	1737	2
2730	949	2
2730	955	2
2730	2508	1
2730	2791	1
2730	593	2
2730	1438	2
2730	2978	1
2978	1648	2
2730	3169	1
3169	2804	1
3169	1	2
3169	155	2
2583	2485	1
2485	625	2
2485	1956	2
1956	514	3
2485	194	2
194	1958	3
2485	2478	1
2485	547	2
547	1454	3
2485	2196	1
2485	2995	1
2485	1170	2
2485	1437	2
1437	493	3
2485	2946	1
2485	1066	2
1066	1993	3
2485	2811	1
2485	682	2
2485	384	2
384	1804	3
2485	333	2
2485	2014	2
2014	1355	3
2485	2384	1
2485	2852	1
2485	2924	1
2485	1114	2
1114	1122	3
2485	2843	1
2485	1780	2
2485	3155	1
2485	261	2
2485	2240	1
2485	2455	1
2485	1119	2
2485	2520	1
2485	365	2
2583	2777	1
2777	3073	1
2777	551	2
2777	3010	1
2777	72	2
2777	542	2
2777	537	2
2777	2738	1
2777	996	2
2777	1413	2
2777	230	2
2777	1629	2
2777	3107	1
2777	1702	2
2777	2781	1
2777	2142	2
2777	818	2
2777	1739	2
1739	951	3
2777	2064	2
2777	1926	2
2583	2666	1
2666	2536	1
2666	2290	1
2666	556	2
2666	2959	1
2666	2718	1
2666	1492	2
1492	1897	3
2666	3188	1
2666	2278	1
2666	684	2
2666	2541	1
2666	2798	1
2666	1761	2
2666	2661	1
2666	1910	2
2666	2444	1
2666	1805	2
1805	1316	3
2666	2872	1
2666	2955	1
2666	2717	1
2666	1784	2
2666	2233	1
2666	3054	1
2666	566	2
2666	2083	2
2666	1212	2
2666	2668	1
2666	2109	2
2109	1682	3
2456	2625	1
2625	2190	1
2190	2526	1
2190	286	2
2190	2173	1
2190	649	2
2190	2337	1
2337	2652	1
2337	1446	2
2337	1745	2
2337	2622	1
2337	1138	2
2337	3006	1
2337	512	2
2337	2511	1
2337	2235	1
2337	1952	2
2337	147	2
2625	3196	1
3196	3194	1
3196	1980	2
3196	2550	1
3196	1358	2
3196	821	2
3196	813	2
2625	2477	1
2477	1345	2
2477	394	2
2477	3152	1
2477	1139	2
2477	1349	2
2477	2910	1
2910	3182	1
2910	440	2
2910	2353	1
2910	1013	2
2625	2870	1
2870	2846	1
2870	761	2
2870	1392	2
2870	2121	2
2870	588	2
2456	2268	1
2268	2262	1
2262	3168	1
2262	2082	2
2262	2549	1
2549	2619	1
2549	1498	2
2549	2878	1
2549	2684	1
2549	1252	2
2549	2437	1
2549	1687	2
2549	1531	2
2549	181	2
2262	2660	1
2660	3075	1
2660	2657	1
2268	2671	1
2671	2695	1
2671	1484	2
2671	105	2
2671	448	2
2671	3187	1
2671	1002	2
2671	209	2
2671	583	2
2671	3181	1
2671	2402	1
2671	1768	2
2671	1071	2
2268	2803	1
2803	2302	1
2803	992	2
2803	614	2
2803	2321	1
2803	73	2
2456	2779	1
2779	1930	2
2779	8	2
2779	2362	1
2779	2181	1
2181	2753	1
2181	575	2
2181	2963	1
2181	2966	1
2181	2412	1
2181	939	2
2181	2518	1
2181	2923	1
2181	2271	1
2456	2432	1
2432	3077	1
3077	3101	1
3077	2016	2
3077	1928	2
3077	2689	1
3077	221	2
2432	3121	1
3121	2153	1
3121	231	2
3121	3094	1
3121	1796	2
3121	295	2
3121	1297	2
2704	2482	1
2482	275	2
275	1333	3
2482	664	2
664	782	3
2482	781	2
2482	382	2
2482	630	2
630	1688	3
2482	22	2
2482	1135	2
2482	248	2
248	377	3
2482	149	2
2482	603	2
2482	1769	2
1769	1725	3
2482	1814	2
2482	2178	1
2482	1317	2
1317	2131	3
2482	2211	1
2482	877	2
2482	1554	2
2482	15	2
2482	1982	2
2482	1010	2
2482	1425	2
2482	2030	2
2482	1837	2
2482	2604	1
2482	2270	1
2482	78	2
2482	1300	2
2482	1003	2
2482	2020	2
2482	2792	1
2482	713	2
2482	1480	2
2482	2489	1
2482	2187	1
2482	1184	2
2482	1705	2
2482	1007	2
2482	3170	1
2482	1908	2
2482	1882	2
2482	618	2
2482	2058	2
2482	921	2
2482	2573	1
2482	651	2
651	595	3
2482	871	2
2482	243	2
2482	2332	1
2482	232	2
2482	591	2
2482	2221	1
2221	1592	2
2221	1319	2
2221	880	2
2221	1094	2
2221	1490	2
1490	474	3
2221	886	2
2221	121	2
2221	2618	1
2221	1603	2
2221	2982	1
2221	164	2
2221	1789	2
2221	1500	2
1500	1568	3
2482	2770	1
2770	2805	1
2805	2120	2
2120	1972	3
2805	3211	1
2805	1233	2
2805	1385	2
1385	363	3
2805	143	2
143	943	3
2805	2179	1
2805	1823	2
1823	1125	3
2805	301	2
301	1659	3
2805	2285	1
2805	2609	1
2805	2507	1
2805	2045	2
2045	1514	3
2805	543	2
2805	2665	1
2805	1018	2
1018	743	3
2805	449	2
2805	772	2
2805	897	2
2805	1966	2
2770	2295	1
2295	1907	2
1907	2077	3
2295	1144	2
1144	765	3
2295	2984	1
2295	1102	2
2295	2958	1
2295	412	2
2295	2299	1
2295	3172	1
2295	915	2
2295	1152	2
2770	2866	1
2866	2699	1
2866	732	2
2866	1050	2
1050	414	3
2866	2565	1
2482	2320	1
2320	2406	1
2320	920	2
2320	2344	1
2320	999	2
2320	1356	2
2320	187	2
2320	2631	1
2320	40	2
40	730	3
2320	157	2
2320	179	2
2704	3144	1
3144	1890	2
3144	1721	2
3144	23	2
3144	1421	2
3144	2627	1
3154	1718	2
3154	2103	2
3154	1742	2
3154	1746	2
3154	844	2
3154	6	2
6	739	3
3154	602	2
3154	401	2
3154	276	2
276	311	3
3154	1209	2
3154	2540	1
3154	986	2
3154	2339	1
3154	380	2
3154	1552	2
1552	1408	3
2780	2043	2
2780	1328	2
2780	1786	2
1786	1710	3
2780	1418	2
1418	312	3
2780	1639	2
2780	458	2
2780	1934	2
2780	25	2
25	1111	3
2780	798	2
2780	2383	1
2780	1351	2
2780	1856	2
2780	397	2
2780	2601	1
2780	1798	2
2780	426	2
2780	3074	1
2780	2094	2
2094	1032	3
2780	1005	2
3184	185	2
3184	142	2
142	7	3
3184	2125	2
2125	293	3
3184	635	2
635	67	3
3184	1781	2
1781	2107	3
3184	1633	2
3184	1848	2
3184	2087	2
3184	2673	1
3184	663	2
3184	521	2
3184	2864	1
3184	1776	2
3184	1963	2
1963	1624	3
2467	573	2
2467	1971	2
2467	1948	2
2467	2608	1
2608	1110	2
2608	126	2
2594	2468	1
2468	679	2
2468	1609	2
2468	343	2
2468	528	2
528	550	3
2468	104	2
2468	1461	2
1461	123	3
2468	2059	2
2468	598	2
2468	1307	2
2468	1734	2
1734	1803	3
2468	1829	2
1829	256	3
2468	494	2
494	586	3
2468	2081	2
2081	1234	3
2468	1559	2
2468	1916	2
1916	1602	3
2468	1240	2
2468	410	2
2468	845	2
2468	2277	1
2468	1382	2
2468	2821	1
2468	46	2
46	20	3
2468	808	2
2468	399	2
2594	2408	1
2408	267	2
2408	1544	2
2408	2078	2
2408	862	2
862	1101	3
2408	1396	2
2408	558	2
558	672	3
558	1950	3
2408	1376	2
2408	816	2
816	124	3
2408	1044	2
1044	1014	3
2408	2282	1
2408	677	2
677	764	3
2408	65	2
2408	2002	2
2002	461	3
2408	2563	1
2408	620	2
2408	2354	1
2408	1431	2
1431	431	3
2594	2996	1
2996	631	2
2996	1117	2
2996	1395	2
2996	678	2
2996	3092	1
2996	245	2
2996	942	2
2594	2527	1
2527	1918	2
1918	527	3
2527	495	2
2527	1271	2
1271	74	3
2527	14	2
2527	1886	2
2527	2765	1
2765	1072	2
2765	691	2
2765	823	2
2502	2438	1
2438	1280	2
1280	141	3
1280	530	3
2438	82	2
2438	446	2
446	1913	3
2438	724	2
2438	1095	2
1095	1287	3
2438	2915	1
2438	673	2
2438	1426	2
2438	2932	1
2438	1157	2
2438	3226	1
3226	456	2
3226	1182	2
1182	29	3
3226	2198	1
3226	856	2
856	1708	3
2502	2796	1
2796	1334	2
2796	249	2
2796	1608	2
1608	285	3
2796	734	2
734	1636	3
734	1750	3
2796	3042	1
2796	1938	2
1938	1733	3
2796	893	2
2796	936	2
2796	822	2
2796	2292	1
2796	2991	1
2796	1538	2
2796	83	2
2796	628	2
2796	289	2
2796	524	2
2796	984	2
2796	3160	1
3160	1757	2
1757	1666	3
3160	612	2
3160	2368	1
3125	2436	1
2436	1335	2
2436	643	2
2436	2639	1
2436	1570	2
2436	2095	2
2436	1515	2
2436	1400	2
1400	636	3
2436	167	2
167	1513	3
2436	2642	1
2436	174	2
2920	2975	1
2975	2388	1
2975	1925	2
1925	742	3
1925	463	3
2975	2096	2
2096	202	3
2975	2351	1
2975	222	2
222	1820	3
2975	2522	1
2975	708	2
708	1505	3
2975	2428	1
2975	853	2
853	1083	3
2975	3189	1
2975	2025	2
2025	21	3
2975	2117	2
2117	1741	3
2975	889	2
2975	2254	1
2975	1096	2
1096	1831	3
2975	854	2
854	1419	3
2975	2500	1
2975	1547	2
1547	648	3
2920	3138	1
3138	3148	1
3138	1263	2
3138	2300	1
3138	1939	2
3138	2462	1
3138	1087	2
3138	2947	1
3138	2144	2
3138	957	2
3138	640	2
3138	2951	1
3138	38	2
3138	2161	1
3138	2799	1
3138	1685	2
3138	2001	2
3036	2556	1
2556	369	2
2556	316	2
2556	2091	2
2556	690	2
2556	1133	2
2556	1329	2
2556	1551	2
2556	627	2
2556	2046	2
2556	2364	1
2556	251	2
2556	409	2
2556	2035	2
2556	2903	1
2556	667	2
2556	2119	2
2556	3165	1
2556	1291	2
2556	2075	2
2556	2847	1
2556	1227	2
2556	3110	1
2556	3034	1
3034	499	2
3034	924	2
3034	2700	1
3034	2099	2
3036	2315	1
2315	767	2
2315	563	2
2315	1794	2
2315	205	2
2315	2707	1
2315	2885	1
2315	1678	2
2315	44	2
2315	3014	1
3014	398	2
3014	994	2
3014	2039	2
3014	2365	1
3014	1937	2
2848	3028	1
3028	2331	1
2848	3216	1
3216	1168	2
3216	2032	2
2848	2309	1
2309	476	2
2848	3069	1
3069	525	2
3069	2392	1
3069	184	2
3069	2633	1
3069	2342	1
2848	2840	1
2840	2289	1
2840	1112	2
2840	2905	1
2840	1361	2
2848	2810	1
2810	1089	2
2810	291	2
2810	1595	2
2810	3105	1
2810	478	2
2810	1657	2
2810	1611	2
2810	2194	1
2810	1016	2
3161	351	2
3161	2225	1
3161	998	2
998	336	3
3161	2837	1
3161	2756	1
3161	1520	2
3161	2411	1
3161	1166	2
3161	357	2
3161	2166	1
3161	867	2
3161	373	2
3161	2494	1
3161	1842	2
1842	1650	3
3161	296	2
3161	1140	2
3161	2724	1
3161	788	2
3161	2216	1
3161	1261	2
1261	473	3
3161	2953	1
3161	2009	2
2009	801	3
3161	3224	1
3224	2348	1
3224	688	2
688	719	3
3224	517	2
3224	1308	2
3224	1663	2
3224	1029	2
3224	1838	2
3224	791	2
3224	1694	2
1694	1047	3
3224	2989	1
3224	1236	2
1236	386	3
3224	2297	1
3161	2247	1
2247	2827	1
2827	374	2
374	811	3
2827	162	2
2827	2324	1
2827	623	2
623	1588	3
2827	2943	1
2827	1248	2
1248	718	3
2827	1093	2
2827	1989	2
1989	96	3
2247	2789	1
2789	1082	2
1082	812	3
2789	2214	1
2789	452	2
452	1223	3
452	2010	3
2789	2585	1
2789	1001	2
2789	1115	2
1115	1445	3
3161	2464	1
2464	2481	1
2464	787	2
2464	755	2
2464	1548	2
2464	1285	2
2464	3106	1
2464	1214	2
3161	2877	1
2877	562	2
2877	2861	1
2877	1080	2
2877	639	2
639	594	3
2877	1348	2
1348	827	3
2877	1806	2
2877	1619	2
2877	191	2
2877	699	2
2877	306	2
2877	459	2
459	503	3
2877	670	2
670	857	3
2877	616	2
616	849	3
2877	837	2
2877	2773	1
2877	217	2
217	1510	3
2877	2766	1
2877	1207	2
1207	2062	3
2877	355	2
2877	1722	2
2877	1878	2
2877	653	2
2877	1232	2
2877	1625	2
2877	2933	1
2877	1301	2
2877	2013	2
3161	2176	1
2176	2677	1
2176	711	2
2176	2891	1
2176	2027	2
2027	829	3
2176	1258	2
2176	1785	2
2176	2551	1
2176	1879	2
1879	392	3
2176	2245	1
3161	3027	1
3027	3171	1
3027	785	2
3027	3146	1
3027	2003	2
3027	2050	2
3027	709	2
3027	1533	2
3161	3067	1
3067	2890	1
3067	3017	1
3067	310	2
310	100	3
3067	1327	2
3161	2378	1
2378	3210	1
2378	450	2
2378	2624	1
2378	2561	1
3161	2367	1
2367	2555	1
2367	178	2
2367	2418	1
3103	283	2
3103	523	2
3103	977	2
3103	60	2
3103	1891	2
3103	3219	1
3103	1751	2
3103	2965	1
3103	2691	1
3103	2387	1
3103	1808	2
3103	2449	1
3103	3037	1
3103	2559	1
3103	1521	2
3103	2363	1
3103	2927	1
3103	1787	2
3103	1974	2
3103	2600	1
3103	3022	1
3103	2330	1
3103	2298	1
3103	3163	1
3103	930	2
3176	2376	1
3176	1626	2
3176	518	2
3176	2635	1
3176	1945	2
3176	3070	1
3176	112	2
3176	2794	1
3176	2949	1
3176	1142	2
3176	77	2
2350	1161	2
2350	1496	2
2350	219	2
2350	294	2
2350	239	2
2350	2558	1
2350	331	2
2350	2894	1
2350	587	2
2350	1275	2
2350	2916	1
2350	329	2
2350	650	2
2350	1889	2
2381	2162	1
2162	2189	1
2162	2658	1
2162	1295	2
2162	2620	1
2162	201	2
2162	2889	1
2162	2115	2
2162	568	2
2162	1583	2
2162	1192	2
2162	1764	2
2162	1371	2
2162	2722	1
2162	3199	1
2162	1512	2
2162	2744	1
2162	1064	2
2381	3227	1
3227	2450	1
3227	3221	1
3227	346	2
3227	2420	1
3227	1057	2
3227	1893	2
3227	2831	1
3227	225	2
3227	2513	1
3227	1634	2
3227	1147	2
3227	3225	1
3227	424	2
3227	2762	1
3227	1393	2
3227	1242	2
3227	3162	1
3227	1970	2
3227	2800	1
3227	686	2
3227	2727	1
3227	173	2
3227	2457	1
3227	995	2
3227	2667	1
2836	18	2
2836	408	2
2836	432	2
2836	2070	2
2836	604	2
2836	35	2
2836	250	2
2836	2849	1
2836	1542	2
2836	11	2
2836	444	2
2836	3212	1
2836	269	2
2836	1614	2
2836	3086	1
2836	2993	1
2836	809	2
2836	354	2
2836	2524	1
2836	2374	1
2374	2907	1
2374	405	2
2374	2860	1
2374	2512	1
2374	3063	1
2374	1720	2
2374	2349	1
2374	1858	2
2374	3145	1
2374	1553	2
2374	2312	1
2374	1364	2
2374	2284	1
2374	513	2
2374	1841	2
2836	2463	1
2463	2987	1
2463	2423	1
2463	2871	1
2463	2	2
2463	1593	2
2463	2446	1
2463	166	2
2463	2480	1
2463	453	2
2463	1284	2
2463	340	2
2463	2479	1
2463	2952	1
2463	107	2
2463	1098	2
2463	2562	1
2463	766	2
2463	497	2
2463	2616	1
2463	2259	1
2463	2056	2
2463	2919	1
2463	2670	1
2463	736	2
2819	420	2
2819	1267	2
2819	706	2
2819	509	2
2819	1755	2
2819	1191	2
2819	464	2
2819	2317	1
2819	1118	2
2819	1011	2
2819	2228	1
2819	2771	1
2819	1262	2
2819	2255	1
2819	137	2
2819	422	2
2819	1344	2
2819	2721	1
2819	1914	2
2819	273	2
2819	2085	2
2819	2434	1
2434	2459	1
2434	572	2
2434	2460	1
2434	1847	2
2434	2191	1
2434	1518	2
2434	1528	2
2434	1947	2
2434	2936	1
2434	2044	2
2434	90	2
2434	2787	1
2434	878	2
2434	1323	2
2434	303	2
2434	1905	2
2434	2405	1
2434	1617	2
2434	1132	2
2434	756	2
2434	3204	1
2434	487	2
2434	2261	1
2434	2185	1
2434	1605	2
2434	873	2
2434	2628	1
2226	529	2
2226	1526	2
2226	1303	2
2226	441	2
2226	2603	1
2226	1143	2
2226	3029	1
2226	2375	1
2226	1680	2
2226	1235	2
2226	2895	1
2226	810	2
2226	2071	2
2226	611	2
2226	2209	1
2226	1203	2
2226	1097	2
2226	1675	2
2226	2296	1
2296	2356	1
2296	1172	2
2296	965	2
2296	721	2
2296	2305	1
2296	1632	2
2296	1374	2
2893	1167	2
2893	1957	2
2893	387	2
2893	1279	2
2893	974	2
2893	133	2
2893	747	2
2893	2234	1
2893	1792	2
2893	2640	1
2893	824	2
2788	389	2
2788	175	2
2788	1933	2
2788	1744	2
2788	1620	2
2788	3076	1
2709	988	2
2709	3118	1
2709	2186	1
2709	2192	1
2709	913	2
2709	1536	2
2709	2706	1
2709	2327	1
2709	1493	2
2433	2990	1
2990	381	2
2990	676	2
2990	1031	2
2990	2136	2
2990	680	2
2990	1190	2
2990	3021	1
2990	2568	1
2990	2294	1
2990	486	2
2990	1873	2
2990	2497	1
2990	1377	2
2990	2224	1
2990	2139	2
2990	2596	1
2990	3087	1
2990	1904	2
2990	3122	1
2990	2750	1
2990	1766	2
2990	885	2
2990	2641	1
2990	3112	1
2990	2941	1
2990	3116	1
2990	1124	2
2990	847	2
2990	3193	1
2990	1040	2
2990	1735	2
2433	3062	1
3062	1975	2
3062	1917	2
3062	1181	2
3062	1698	2
3062	567	2
3062	1331	2
3062	1048	2
3062	3137	1
3062	2886	1
3062	656	2
3062	2694	1
3062	890	2
3062	2944	1
3062	1684	2
3062	2732	1
3062	304	2
3062	1607	2
3062	1853	2
3062	2415	1
3062	2897	1
2897	3040	1
2897	3131	1
2897	972	2
2897	2347	1
2897	925	2
2897	1579	2
2897	1482	2
2897	3166	1
2897	1266	2
2897	2129	2
2897	2493	1
2897	1471	2
2897	1440	2
2897	1305	2
2897	3031	1
2897	2000	2
2897	3109	1
2897	610	2
2897	2582	1
2897	2539	1
2897	2813	1
2897	1325	2
2897	1797	2
2897	2319	1
2897	1123	2
2433	2812	1
2812	2917	1
2917	52	2
2917	1488	2
2917	1495	2
2917	2719	1
2917	2128	2
2917	2850	1
2917	2553	1
2917	75	2
2917	914	2
2917	710	2
2917	2288	1
2917	2681	1
2812	2222	1
2222	223	2
2222	2531	1
2222	505	2
2222	2589	1
2222	835	2
2222	2793	1
2222	240	2
2433	2742	1
2742	1318	2
2742	2784	1
2742	751	2
2742	968	2
2742	2630	1
2742	2636	1
2742	1466	2
2742	726	2
2742	2649	1
2742	3099	1
2742	247	2
2742	2509	1
2742	3011	1
2742	1008	2
2742	1369	2
2742	2981	1
2742	2530	1
2742	413	2
2742	2974	1
2742	1728	2
2742	3136	1
2742	975	2
2742	3047	1
2742	2504	1
2433	2260	1
2260	950	2
2260	1274	2
2260	571	2
2260	661	2
2433	2499	1
2499	1290	2
2499	989	2
2499	2073	2
2499	1988	2
2499	158	2
2433	3056	1
3056	1995	2
3056	1302	2
3056	980	2
3056	2474	1
3056	460	2
3056	2950	1
3056	332	2
3056	1870	2
3056	2201	1
3056	19	2
3056	3133	1
2336	3228	1
3228	744	2
3228	2399	1
3228	2286	1
3228	3078	1
3078	1899	2
3078	3175	1
3078	541	2
3078	1793	2
2336	2934	1
2934	2008	2
2934	1713	2
2934	1565	2
2934	125	2
2934	2688	1
2688	1669	2
2688	1141	2
2227	2515	1
2227	2859	1
2227	391	2
2227	411	2
2614	2340	1
2614	683	2
2614	2231	1
2614	2998	1
2998	467	2
2669	1443	2
2669	2232	1
2232	722	2
2232	1046	2
2232	146	2
2669	3153	1
3153	171	2
3153	919	2
2817	2011	2
2817	846	2
2817	2188	1
2817	2648	1
2817	978	2
2817	2453	1
2817	2334	1
2334	2967	1
2967	1773	2
2967	1320	2
2334	3012	1
3012	2042	2
2334	3030	1
2817	2465	1
2465	62	2
2465	1009	2
2817	2230	1
2230	875	2
2230	3026	1
2817	2964	1
2964	396	2
2817	2802	1
2802	1298	2
2817	2360	1
3000	3214	1
3214	2484	1
3214	908	2
3214	2534	1
3214	2855	1
3214	1541	2
3214	934	2
3214	2913	1
3214	2674	1
3214	2106	2
3214	3015	1
3214	3186	1
3214	1249	2
3000	2328	1
2328	2419	1
2328	697	2
2328	2252	1
2328	451	2
2328	2242	1
2328	169	2
2328	1676	2
2328	2740	1
2328	2065	2
2328	280	2
3000	2926	1
2926	2607	1
2926	116	2
2926	2801	1
2926	1724	2
2926	3051	1
2926	1213	2
2926	3044	1
2926	733	2
2926	2676	1
2926	183	2
2926	2223	1
2926	502	2
2926	2033	2
2926	300	2
2926	570	2
2926	2102	2
2926	1591	2
2926	1000	2
2926	1237	2
2926	1452	2
2926	1610	2
2926	1404	2
2926	727	2
2926	1402	2
3000	3156	1
3156	3215	1
3156	2207	1
3156	1863	2
3156	2195	1
3156	1365	2
3156	2291	1
3156	1449	2
3000	2163	1
2163	2264	1
2264	2182	1
2264	2055	2
2264	110	2
2264	906	2
2264	395	2
2264	2976	1
2264	335	2
2264	1051	2
2264	2826	1
2264	1875	2
2264	3061	1
2264	2806	1
2264	1919	2
2264	3058	1
2264	831	2
2264	454	2
2264	288	2
2264	1362	2
3000	2398	1
2398	2768	1
2768	2896	1
2768	1843	2
2768	1501	2
2768	1582	2
2768	1020	2
2768	1246	2
2768	1281	2
3000	2241	1
2241	2687	1
2687	2357	1
2687	3102	1
2687	2825	1
2687	1985	2
2687	2338	1
2241	3206	1
3206	2960	1
3206	1415	2
3206	2516	1
3206	1193	2
3206	2994	1
3206	1996	2
3206	1156	2
3000	2253	1
2253	2496	1
2496	1062	2
2253	2769	1
2769	2545	1
2769	2705	1
2769	855	2
2769	2809	1
2769	2621	1
2769	2988	1
2769	2833	1
2769	1081	2
2769	277	2
2769	1976	2
2769	1564	2
2769	850	2
2769	1715	2
2769	1146	2
2769	1519	2
2769	1895	2
2769	1208	2
2769	1137	2
2769	904	2
3000	2476	1
2476	2644	1
2476	434	2
2476	2510	1
2476	152	2
2476	3081	1
2476	135	2
2476	2304	1
2476	912	2
2818	2533	1
2533	1183	2
2533	841	2
2533	2828	1
2828	2887	1
2828	218	2
2828	3115	1
2828	2726	1
2828	1892	2
2828	1375	2
2828	2578	1
2828	738	2
2828	3190	1
2533	2483	1
2483	780	2
2483	619	2
2483	1601	2
2483	2824	1
2483	206	2
2483	2403	1
2483	2132	2
2483	2638	1
2483	344	2
2483	2759	1
2818	3151	1
3151	945	2
3151	314	2
3151	770	2
3151	103	2
3151	308	2
2818	3083	1
3083	2703	1
3083	2084	2
3083	1465	2
3083	2088	2
3083	834	2
3083	2276	1
3083	1444	2
3083	2921	1
3083	960	2
3083	498	2
3083	2385	1
2385	3088	1
2385	154	2
2385	1850	2
2385	725	2
2385	2422	1
2385	3220	1
2385	1586	2
2385	2086	2
2385	2829	1
2385	292	2
2385	758	2
2385	1851	2
2385	1649	2
2385	1949	2
3083	2664	1
2664	1638	2
2664	899	2
2664	1763	2
2664	526	2
2664	2409	1
2818	2430	1
2430	3159	1
2430	2204	1
2430	1923	2
2430	1969	2
2430	195	2
2430	2004	2
2430	1196	2
2430	3140	1
2430	1700	2
2818	3019	1
3019	658	2
3019	932	2
2818	3100	1
3100	2747	1
3100	1006	2
2265	2210	1
2210	3173	1
2210	1116	2
2210	596	2
2210	227	2
2210	131	2
2210	1197	2
2210	790	2
2210	637	2
2210	2090	2
2090	425	3
2210	1953	2
2210	1961	2
1961	87	3
2210	3111	1
2210	99	2
2210	1272	2
2210	347	2
2210	3024	1
2210	1171	2
2210	1023	2
2265	2760	1
2760	2697	1
2697	2393	1
2697	482	2
482	1584	3
2697	3195	1
2697	1470	2
1470	376	3
2697	2275	1
2697	1256	2
2697	1799	2
1799	760	3
2697	2772	1
2697	807	2
2697	3192	1
2697	1467	2
2697	948	2
2697	2586	1
2697	168	2
2760	2581	1
2581	2548	1
2581	876	2
876	1370	3
2581	548	2
2581	2820	1
2581	196	2
2581	2560	1
2581	1448	2
1448	634	3
2581	2007	2
2581	2157	1
2581	504	2
504	1015	3
2581	555	2
2581	3033	1
2581	436	2
436	794	3
2581	891	2
2581	1070	2
2581	902	2
2760	2880	1
2880	2743	1
2880	255	2
2880	1864	2
1864	1038	3
2880	1332	2
2880	2754	1
2880	93	2
2880	2069	2
2069	1485	3
2880	290	2
2880	198	2
2880	2914	1
2880	368	2
2880	2685	1
2880	1314	2
2760	2322	1
2322	302	2
2322	716	2
716	1529	3
2322	106	2
2322	16	2
2322	3141	1
2322	1052	2
1052	253	3
2322	2208	1
2322	1343	2
2322	1736	2
2322	2698	1
2322	1696	2
1696	189	3
2322	242	2
2322	1024	2
2322	122	2
2322	1390	2
2322	457	2
2322	1532	2
2322	127	2
2322	43	2
2322	582	2
2760	2816	1
2816	3049	1
2816	17	2
2816	536	2
2816	2171	1
2816	2442	1
2816	1289	2
1289	477	3
2816	1775	2
2816	2257	1
2816	1239	2
2816	1777	2
2816	2263	1
2816	1185	2
2816	32	2
2816	1322	2
2816	2655	1
2816	1259	2
2816	3045	1
2816	1077	2
1077	1075	3
2816	1778	2
2816	2273	1
2816	993	2
2816	54	2
2816	1312	2
2816	926	2
2265	2218	1
2218	3048	1
3048	113	2
3048	1022	2
3048	211	2
3048	768	2
3048	1672	2
3048	1631	2
1631	1967	3
3048	2823	1
3048	2133	2
3048	1126	2
3048	1517	2
3048	469	2
469	1683	3
2218	2656	1
2656	1264	2
2656	796	2
796	1644	3
2218	3057	1
3057	85	2
3057	1931	2
3057	2072	2
3057	404	2
3057	1920	2
3057	1511	2
1511	58	3
3057	114	2
3057	136	2
2265	2715	1
2715	3005	1
3005	1817	2
1817	1546	3
3005	1313	2
1313	352	3
3005	1187	2
1187	1245	3
3005	1326	2
3005	228	2
3005	1294	2
3005	1522	2
2715	3205	1
3205	1028	2
3205	1063	2
3205	1417	2
1417	1854	3
3205	1600	2
3205	820	2
820	233	3
3205	1045	2
3205	1310	2
2715	2672	1
2672	750	2
750	1754	3
2672	111	2
2672	1435	2
1435	1756	3
2672	1774	2
2672	1338	2
2672	1158	2
1158	1816	3
2672	1134	2
1134	803	3
2672	1027	2
2672	516	2
2672	1578	2
2715	2749	1
2749	471	2
471	1885	3
2749	1340	2
2749	990	2
2749	592	2
2749	892	2
2749	665	2
2749	2101	2
2749	2040	2
2715	2992	1
2992	1983	2
1983	437	3
2992	629	2
2992	1296	2
2992	118	2
2992	793	2
2992	1043	2
1043	1573	3
2265	2238	1
2238	2421	1
2421	2957	1
2421	1865	2
1865	1273	3
2421	1416	2
2421	419	2
2421	1150	2
2421	2986	1
2421	1238	2
1238	140	3
2421	1330	2
2421	2021	2
2421	559	2
2238	2776	1
2776	2882	1
2776	860	2
860	979	3
2776	1723	2
2776	3201	1
2776	1557	2
2776	2570	1
2776	371	2
2776	2521	1
2776	1664	2
1664	1580	3
2776	2645	1
2776	938	2
938	1372	3
2776	342	2
2238	2472	1
2472	2602	1
2472	433	2
2472	37	2
2472	2542	1
2472	45	2
45	1225	3
2472	2486	1
2472	1896	2
1896	55	3
2472	3127	1
2472	1690	2
1690	714	3
2472	1901	2
1901	1033	3
2472	1107	2
2472	2844	1
2472	89	2
2472	4	2
4	2089	3
2472	2390	1
2472	1998	2
1998	1283	3
2472	935	2
2472	1545	2
2472	870	2
870	388	3
2472	2968	1
2472	1951	2
1951	1732	3
2472	287	2
2472	1260	2
1260	1276	3
2472	1857	2
2472	3002	1
2472	671	2
2472	1386	2
2472	574	2
574	564	3
2472	1575	2
1575	668	3
2472	2948	1
2472	192	2
192	226	3
2472	193	2
2472	1691	2
1691	531	3
2472	828	2
828	1278	3
2472	3208	1
2472	358	2
2472	2135	2
2472	2373	1
2472	364	2
2238	2783	1
2783	3123	1
2783	1818	2
2783	298	2
2783	2956	1
2783	1673	2
1673	1231	3
2783	1524	2
2783	1483	2
2783	1782	2
2783	2202	1
2783	1474	2
1474	723	3
2783	97	2
97	888	3
2783	3041	1
2783	2127	2
2783	3039	1
2783	2057	2
2783	1220	2
2783	804	2
2783	2156	1
2783	3104	1
2783	305	2
2783	773	2
2783	2281	1
2783	3197	1
2238	2266	1
2266	2414	1
2266	1017	2
2266	2997	1
2266	863	2
863	1039	3
2266	1612	2
2266	1165	2
2266	622	2
2266	2807	1
2266	1288	2
2266	2137	2
2265	2663	1
2663	2487	1
2663	2054	2
2663	1085	2
1085	731	3
2663	3095	1
2663	1884	2
2663	1731	2
2663	270	2
270	771	3
2663	533	2
2663	2692	1
2663	763	2
763	210	3
2663	991	2
2663	2841	1
2663	279	2
279	1441	3
2265	2404	1
260	1309	3
2404	2217	1
2217	1674	2
2404	3097	1
3097	190	2
2404	2857	1
2857	2061	2
2404	2311	1
2311	1053	2
2404	2213	1
2213	735	2
2404	2797	1
2797	1464	2
2404	2752	1
2752	703	2
2265	2659	1
2659	2256	1
2256	1821	2
1821	929	3
2659	2908	1
2908	1088	2
2908	1827	2
2908	264	2
2908	931	2
2659	2416	1
2416	2155	1
2416	1525	2
2416	1442	2
2416	840	2
2416	415	2
2416	970	2
2416	1100	2
2416	1537	2
2416	2906	1
2416	356	2
2416	76	2
2416	2566	1
2416	887	2
887	2149	3
2416	599	2
2659	2552	1
2552	1835	2
2552	1813	2
2325	2501	1
2501	361	2
2501	1574	2
1574	1456	3
2501	92	2
2501	549	2
2501	884	2
884	1153	3
2501	1222	2
1222	830	3
2325	3064	1
3064	2814	1
3064	1218	2
3064	2461	1
3064	792	2
3064	2865	1
3064	1368	2
1368	1839	3
3064	1405	2
3064	1299	2
3064	2116	2
3064	1986	2
1986	1410	3
3064	2249	1
3064	2143	2
3064	2377	1
3064	2448	1
3064	540	2
540	1942	3
3064	2971	1
3064	2572	1
3064	470	2
470	480	3
2325	2316	1
2316	1955	2
1955	1828	3
2316	259	2
2316	1151	2
1151	214	3
2316	3114	1
2316	654	2
2316	2980	1
2316	843	2
2316	1476	2
2316	2643	1
2316	1174	2
2316	1912	2
2316	1108	2
2316	987	2
987	203	3
2316	685	2
685	345	3
2316	2205	1
2316	1810	2
1810	13	3
2316	741	2
2316	2569	1
2316	1686	2
2316	2735	1
2316	952	2
2316	2498	1
2316	3177	1
2316	1871	2
2316	1616	2
2316	2712	1
2316	1221	2
2316	511	2
2316	2856	1
2316	2693	1
2316	3032	1
2316	39	2
2316	2379	1
2316	254	2
2316	2410	1
2316	1590	2
2316	3147	1
2316	2999	1
2316	1652	2
2316	2775	1
2316	1436	2
2316	2979	1
2325	2838	1
2838	2429	1
2838	323	2
323	777	3
2838	2547	1
2838	1645	2
2838	2961	1
2838	2048	2
2048	479	3
2838	2605	1
2838	1606	2
1606	1121	3
2838	2283	1
2838	928	2
928	1861	3
2325	2314	1
2314	2012	2
2012	224	3
2314	1346	2
1346	163	3
2314	2475	1
2314	393	2
2314	1824	2
2314	2909	1
2314	1881	2
1881	1613	3
2325	2310	1
2310	2786	1
2310	1432	2
2310	1990	2
2310	1807	2
1807	581	3
2310	1924	2
1924	1968	3
2310	3108	1
2310	2145	2
2145	61	3
2310	1877	2
2310	2215	1
2310	1073	2
2310	2267	1
2310	1846	2
1846	337	3
2310	2382	1
2310	1391	2
1391	117	3
2310	2662	1
2310	1730	2
2310	937	2
937	319	3
2310	2651	1
2310	212	2
212	10	3
2310	3191	1
2310	3082	1
