9565	19543
7066	19985
8401	14855
4451	24802
11752	15589
10821	18522
1621	21392
8916	14599
10077	16629
4710	24820
5235	22340
7680	20115
7693	23320
6115	18682
9949	20028
1697	25376
7073	23483
9273	25228
8056	21767
6148	21498
11311	21308
3234	22639
5899	16495
1140	13833
4807	20212
3707	22146
44	12857
9094	19861
11218	23304
2109	18098
5821	20997
871	23997
7448	25344
778	18921
2076	19992
8913	17043
7937	21030
5621	19673
7011	13011
12758	21065
11195	22330
2387	19609
3953	25013
3055	20081
1756	24728
4233	22729
5454	17949
9002	23011
2770	13283
1085	18306
6443	22765
7928	21230
7346	24207
12723	21615
5666	15022
4371	17559
10873	18809
1556	25432
7508	17787
11631	15396
2048	23577
4981	15598
6362	24614
11589	18704
10842	24298
3551	20691
2461	13137
4570	22385
12432	21407
4681	18489
10395	24782
9574	22647
5480	18898
5703	17552
12170	21619
10562	20551
1667	17812
4457	25175
4582	14970
3469	13863
10534	17684
5680	16621
765	22093
1579	23876
9495	20428
7723	16959
8071	22967
1416	15082
12577	15422
4225	17802
2347	15363
5517	16121
2654	24664
3281	18430
12300	18260
3855	19732
9751	20093
6014	24656
3870	23500
9500	17860
5030	18313
12602	18476
7183	17205
6112	24317
9263	25045
4947	13222
7626	18323
3791	22537
10138	13671
4345	24671
968	13164
8806	23312
2449	23368
10143	12920
10948	23758
11462	22306
7470	24372
2118	18385
894	18946
3798	25330
11943	14357
3797	15498
1144	13127
8082	23777
4666	16456
4173	24147
144	18245
11069	19863
1840	23370
10166	17754
502	21291
6253	13328
1729	16846
8705	15904
2933	18860
8246	15523
478	21524
11201	24323
6633	21756
11780	22576
7253	19479
7300	16485
3547	20493
223	16060
2561	14789
1758	14231
2129	23565
8784	23382
12568	22205
11581	17431
6136	19107
3886	21104
10744	17880
7337	22271
7895	21850
11598	16884
47	25101
131	13621
10539	22050
2174	21205
2887	15952
3064	16276
4653	16016
8443	23027
5410	20787
7722	21075
1395	20870
1682	20714
11233	22152
6478	23438
8270	19584
5304	19802
883	15236
6500	21113
3040	19744
6966	21683
2543	20951
1812	14339
10237	21761
9758	18963
4648	23271
8155	20466
10782	18742
9887	13472
7406	22064
4965	14954
1666	19887
10058	21496
3771	24913
8741	25405
2920	22600
3028	20703
12607	20573
12120	23663
6956	22006
2825	14600
5152	18052
10541	17364
4846	25412
250	18206
1975	24684
12676	14422
9077	17762
1117	16679
2490	24420
4568	22322
10631	15711
6647	20323
8918	19347
2285	14411
4340	23883
4517	16503
8717	22003
11484	13047
10799	17853
7785	17138
12077	21706
9030	22094
7158	15864
11729	20769
2032	23210
8442	17622
12616	20278
1308	17761
5228	23195
4541	23480
10898	16985
12294	16703
10903	14956
9176	25461
3489	16277
4561	14783
669	13739
966	14574
11630	19317
8101	18566
12635	23158
1895	23851
9282	23932
5116	21736
9316	18527
3044	24477
5158	17870
10176	25581
9690	15129
317	24442
6236	21492
9867	21924
8310	23357
2524	15742
1522	17161
4971	24975
4152	15025
11901	21124
7211	21041
9048	18111
9360	20041
1313	22778
9911	21273
9563	22527
5283	23119
9292	19431
10163	15298
4166	17586
928	20306
2679	17015
8832	17892
3025	23809
10637	13107
12212	15727
199	18066
3217	18285
10274	17736
11803	24845
5747	19379
8943	19774
2371	15890
1449	16851
12061	15493
11652	12960
9718	13639
5335	13528
4667	25144
5905	17963
21	13383
10867	20887
755	22483
2665	18096
2423	23865
3573	14305
942	14032
202	13004
9243	18779
9525	13743
12060	19151
11199	15666
12271	21234
8256	22270
6107	14345
12148	13801
2519	17910
2351	18649
12410	19093
2555	20294
4743	13533
6679	17175
12517	13291
6208	13822
8215	18453
1372	19365
8194	14664
12182	19101
5537	18691
3874	15482
2782	20874
500	18348
274	23256
12	19905
8466	19958
1324	21654
4027	22981
984	23969
5310	16983
1766	17471
9618	13184
12524	21242
9397	19027
9113	14192
2836	23014
6074	22214
6536	19942
5112	25371
907	14796
9831	13129
8541	19287
1232	24836
2833	19907
7262	16602
11758	21987
6529	18647
3727	21550
6407	19486
9202	21554
2882	14098
5932	14128
2173	24186
9175	24176
368	21344
11498	12936
1852	18221
7466	15053
5385	25336
9575	18423
8858	25590
5586	19081
9780	25108
9124	17330
12690	18217
10642	21804
7149	14010
3704	19993
3246	18820
1367	22383
8169	16379
132	23531
8416	24955
10240	25662
10820	17840
372	13408
2027	20088
9746	23316
4529	17265
10206	16697
1578	23631
2190	14756
11994	18865
2906	14518
2798	19514
8921	22848
9749	17173
1026	23094
6947	15580
7431	23433
10378	13062
12252	22131
10225	22404
10379	22558
12228	18132
2193	19098
3193	14847
3403	24104
8602	13307
4243	13820
6217	14640
929	20277
12436	15868
3938	23354
8093	13580
7934	18458
10810	15075
5891	19418
3269	13988
1845	22542
10288	16438
1182	18957
6854	14897
6120	20584
12499	24912
9288	22043
12582	20527
6865	19908
2504	25189
1301	15057
796	13017
5073	14458
2997	20481
12084	20037
11902	21488
8600	23593
10124	23700
4638	18979
8542	15046
9	22970
1771	24163
5858	18415
9437	16008
2589	17069
11859	13106
2269	20602
2608	22590
10152	16736
8230	19597
836	23436
665	17712
11638	20912
2928	19704
6655	19913
3535	18136
10101	15417
4321	16771
2909	21635
10651	15467
12600	13012
638	24964
1339	15203
4831	13185
8905	21328
4616	15212
2879	23549
11449	14100
934	20701
7649	13411
6946	17620
8840	23539
5339	14692
9383	22199
6748	20311
1511	18918
11596	21244
2579	16993
4386	15067
2084	22881
149	18266
4429	18631
10194	18112
6421	22725
10200	22574
6032	13531
3751	19716
5222	15982
6952	23934
81	13575
6117	25539
800	19671
4354	23829
8516	13473
4767	19529
978	25349
11232	17441
6361	15107
11800	18799
7762	24573
3189	20267
9804	17003
10574	17218
5676	24171
4931	15540
11392	18955
4356	16383
6605	16388
12573	20711
12204	17806
10322	17827
12826	19737
3119	23914
1643	19790
8436	20932
7826	21165
6153	24976
3862	21842
8664	17418
9087	15291
10575	15966
6877	13882
2479	16175
2949	17891
419	25128
5237	13873
2913	13210
1065	23106
9391	13609
2410	22250
4210	14925
88	25509
10432	16864
6288	19916
1702	19856
763	23059
6951	17163
2374	19679
10975	13171
12435	16984
1374	18544
10360	21605
11109	18370
4905	14293
11522	19600
231	23422
6736	19018
2611	22905
3803	25255
11180	23604
7188	13736
3325	14663
661	13250
611	14120
2853	22784
11967	24315
7389	24667
10852	13774
5977	21915
6303	24088
8237	15427
11779	21361
5284	21119
11237	21511
8746	19121
944	14253
12349	14820
4421	20172
840	18559
1629	19021
8632	14793
3473	23800
8332	15740
11388	17965
3923	22499
5761	21082
4934	20409
4257	23734
71	13267
2675	24132
9121	15919
2767	23148
675	18841
5696	23482
10249	13755
10270	21208
9013	18318
9069	22422
12149	14641
4335	23490
2884	22504
8060	25099
10508	17978
10036	13906
3889	14268
11198	15957
1769	25559
3186	15784
1040	13041
8124	16346
3943	14283
8153	14591
1881	24286
6588	17727
7392	24673
12809	12872
6379	14624
8135	17527
11016	20475
3844	15699
7760	21956
10154	13134
4189	18033
12062	20408
9015	13182
12473	15855
242	16337
6006	15410
1926	12957
6143	19893
2339	13990
3652	13685
11239	21163
6742	22372
7027	20445
6323	16563
5520	19284
11032	21453
235	24540
9323	18665
6126	15543
4311	23976
12553	25073
7132	24485
10935	21632
2545	13825
1494	20739
8353	14749
432	15785
7570	20534
10051	18872
6102	13991
6387	14984
11011	17525
9587	21010
4819	18713
6226	16612
11490	25397
11764	14728
3430	19696
4096	25113
4458	25621
9481	21696
9152	14175
2740	20096
2910	17214
2866	18753
12532	15673
11418	21397
8143	24224
5471	22788
9788	22161
7913	15274
12744	14300
9063	22175
12216	16733
8876	24161
10650	20284
3257	16135
2950	20791
8996	22726
5038	21814
12229	20832
7015	20223
11500	16876
7574	14287
11975	15932
10193	24403
10748	21071
8917	17317
146	19451
1743	17713
10447	20486
4135	23547
4627	13693
6599	16076
9404	14514
8938	22604
2977	18582
3152	16850
434	17045
2947	16619
10989	15295
621	15853
338	18954
4615	19410
3578	21808
10382	16631
10501	22950
1566	18801
4305	23528
1951	23637
2226	19285
5269	23161
11205	17426
6512	21668
1262	12935
10111	16542
10525	24258
3231	12963
1061	13847
6300	25489
1485	13233
12333	17572
5204	13120
8526	24864
5191	20904
12395	21078
868	23466
10312	22681
9531	15215
5324	23812
10715	19218
6981	14711
12648	17523
7295	16770
2434	19594
3212	13857
8350	22519
12173	16525
10377	14656
4697	13754
6337	20065
10848	21007
2761	16272
6252	25526
7611	15824
823	14758
9419	17485
2818	13118
4367	22646
414	25241
6777	16012
3082	18457
11276	20862
4357	17147
119	23570
10207	22891
2307	19910
3240	20017
1854	13780
5948	23330
4782	17117
84	24156
11702	14235
6017	22514
6268	14944
6629	17903
1357	16128
2544	13871
4303	13891
11178	13916
10669	20373
11866	22145
12763	21330
11679	14251
7561	16080
4220	25170
1243	22737
5677	18602
2206	22559
9108	22434
6224	21516
8205	22489
8725	24574
8920	23938
11091	14110
4418	16047
4789	21519
11184	15284
5393	17075
2597	16190
12685	17012
7702	24223
8400	18852
11051	21188
831	19783
6481	18537
2428	23841
11271	19003
3927	16474
3024	18545
7321	14831
1671	15139
1469	23093
6311	20798
4094	24213
5023	15637
12736	13158
12089	15936
1096	13933
5309	18613
2124	19646
3242	19288
11976	16567
3078	19554
12241	24282
4124	15800
7054	19035
12552	21380
7830	19751
376	20606
8751	17443
1679	24628
5818	23854
2091	22794
3966	18938
5408	21755
1456	16823
4985	23390
8995	23362
11207	15042
7283	23875
2404	19555
439	24448
686	25550
4409	15030
2598	19243
11162	13339
1816	13166
9351	16724
2001	22259
9172	24707
7495	21211
290	23820
11159	15102
5501	13332
9249	18546
486	17140
4358	13420
12391	23451
4720	18138
8617	17519
7505	21419
4992	23168
8911	22390
8077	13148
9213	24346
1113	20796
905	13474
2878	13402
1577	15496
9256	13920
2470	18040
967	20118
2254	18036
10581	21593
10622	14791
7794	13563
2017	21548
3921	15949
964	19847
7273	22381
1317	18312
4070	17424
770	15906
4492	14242
7271	20843
10607	22741
12421	24921
5533	13974
490	19199
12150	21194
9208	13625
3983	14246
5619	25394
8433	19262
11573	21256
11245	13167
1361	24814
6731	13493
5604	18424
11417	24032
12724	19404
1774	21723
9873	23727
3412	16755
6899	16447
4320	20502
3495	22686
9956	14255
5525	23768
12337	16745
10901	22411
2079	19382
481	17216
3689	22106
12186	20626
6171	19072
2164	13417
2197	15434
6718	13626
1548	22523
1486	19124
11530	20427
5469	15332
10609	18215
1935	17722
9355	23455
10595	20509
7906	14953
2102	22151
6654	24291
12397	24162
5003	16623
6043	18101
7316	25114
11138	14536
3653	16070
3958	18991
3381	17154
6987	20348
7246	23074
3770	17661
5019	16528
3410	25464
7949	17314
9819	21024
3877	18618
515	22538
7091	25504
8028	17119
11617	16258
994	18563
7482	18377
507	25629
12403	18376
6234	14587
10191	14811
25	15822
9946	16256
10794	18754
11689	19579
5622	13491
12213	15200
4175	12986
211	14263
4895	18616
1908	16335
5801	17554
2632	21757
5615	16656
9505	13982
8786	13701
5726	23602
7546	13672
1713	13817
11358	17135
4990	20165
7809	18372
7509	14821
10316	24878
10286	18942
8904	22965
9834	16915
2816	17687
10869	18157
8387	22641
12518	17629
9766	15862
3132	14556
11085	24172
10228	15522
5852	16649
7673	22845
8258	22996
9647	23229
9548	13105
7997	20721
5782	13813
6638	24558
58	23737
3782	17659
12109	12965
10383	14197
4835	20743
10533	19748
2137	21871
8095	19244
2503	15996
6227	22885
2318	23823
7209	20215
9405	15219
11668	23346
10880	21138
7914	15068
5063	13558
2494	23193
2891	16977
818	22144
7308	21599
2664	20262
6425	17151
10861	14254
5330	25584
2901	19055
8615	14543
6873	19078
6132	20871
5944	24194
3421	19468
3769	17550
2326	18907
6973	24496
6707	24500
5466	19144
2151	23290
2344	22663
4676	22080
5170	17656
12114	24300
2298	22471
5650	16793
7496	16963
5820	23228
5447	14299
2316	23628
803	22503
2386	21835
12342	14531
10061	16252
4964	25563
10580	18486
2350	18651
11068	23494
10553	18810
3950	17906
8465	21388
2497	19607
1772	25324
4211	20632
12279	14750
11331	16803
2202	16207
10978	13644
10994	22811
8870	25296
10787	18732
12660	22987
7793	19672
12080	17507
2960	20499
10725	15120
1738	16042
7947	18614
7065	19339
1516	16507
1173	25626
4881	17116
3041	19587
3521	13475
7086	22253
5710	21018
3220	13691
5553	21297
713	13287
5527	16096
9443	18848
4520	14480
1175	17174
6062	14407
6072	21313
9072	23012
5346	13433
1584	12985
12208	23315
8701	19742
1269	22876
1440	23935
870	23230
4644	16932
6157	23344
2823	19510
7061	23515
10474	18970
10959	17420
5013	20258
3483	24113
10721	20872
11310	24989
11785	20152
10276	19442
7199	20875
538	18663
9285	14589
509	15248
7370	24721
3361	23471
533	13190
2801	24119
8476	22247
1783	18278
9294	17013
11721	17339
4209	24026
3141	23244
4080	14307
7304	20220
11400	20956
2581	25210
9806	15959
32	19800
4538	19254
1879	17325
7208	21601
3095	20333
4786	16334
11550	23855
6960	13662
5514	17954
11466	17027
10012	18895
10786	20055
6564	16665
7124	23803
5262	13112
10462	22621
11882	18671
11049	14295
10889	20199
9206	15608
9114	17073
11061	21517
7575	15714
6662	21589
3898	13767
656	13488
2790	14804
6797	13139
11259	18667
2827	16746
7666	15533
5597	13831
5613	13368
8086	23183
9026	16845
4972	14441
9853	15861
5960	23171
10373	17675
4995	25225
688	21428
164	22429
12830	24863
7990	13998
12134	19297
601	19342
7178	17505
7881	20913
2279	16358
722	13274
29	18926
3678	18102
9800	13687
4701	17766
1546	25639
5807	16027
4766	25446
4684	14535
8837	14952
1613	14688
8817	22208
790	17944
8425	21687
9464	17124
4202	21284
5356	20668
5475	22427
3768	15085
2433	18821
7759	13454
1775	17301
403	13409
11389	20268
5369	21818
10633	23301
9003	18748
8458	17318
263	13529
5363	14583
11107	24542
5214	14501
6704	19403
8229	24560
10076	21935
8370	22803
10844	15401
237	18740
4996	17781
7161	16700
7796	21209
352	24988
8434	20813
8311	20555
5479	18901
5564	15617
11554	17088
12839	17362
11990	17211
2574	19845
5724	23501
12639	20474
11007	23292
10879	16675
4976	15488
5848	17077
7639	19606
383	17144
2030	18437
9318	20590
11835	19581
12642	23698
4533	13661
12311	23087
11118	20833
7827	25050
10421	22591
8356	14483
6644	20201
6772	25671
391	15094
4623	22632
11855	18392
3937	24289
1267	17355
8117	17438
9634	14872
3397	14078
4813	19249
9448	18248
11122	18275
11747	16786
1976	23551
6175	15645
9696	24107
12338	20943
408	13303
11861	17001
7868	12918
4664	22197
7070	22861
9731	21920
1459	20572
238	16417
2946	14844
11314	13653
1922	18251
7343	20950
9567	21566
3354	21718
7821	20309
11014	14364
1176	14430
4144	14816
12366	19064
4362	19848
9166	22139
7411	22257
1080	25085
10217	19601
5141	24101
797	24451
2735	20805
6428	24166
4665	21047
9868	16431
6510	20296
5674	20568
5090	18757
4037	22486
6369	25529
703	16375
11686	19683
4047	23358
5133	15843
11810	20419
397	18200
11340	19054
5386	13367
8296	22054
4148	21235
11053	24611
3256	19188
8010	16908
11204	15772
6131	21236
6537	18642
5667	21529
1931	25184
7706	24077
2649	17887
5044	14261
1597	25384
10384	18051
3565	15439
6562	16595
8213	20644
4153	25100
4145	20921
6096	24543
9144	18045
12314	17328
7205	23019
10751	20954
3657	21927
11629	13865
11278	15310
3458	15452
11441	24554
6100	17096
8474	14370
7776	21547
2919	13082
587	15773
10181	22010
5827	23474
12121	14564
6958	20665
1488	23633
5639	17189
10928	23862
10890	16767
12797	25292
8931	19040
6457	20748
12129	18339
6991	16808
9267	16643
12226	19310
2871	18525
10418	15609
12804	19613
5865	20639
6675	22852
6149	24978
5417	16316
4555	24669
6368	18815
9478	24334
337	14762
10202	18798
10981	24587
9416	19122
123	25130
7507	16927
1104	22193
11268	21186
596	17266
9078	19052
6630	24142
1390	22399
483	25625
1759	20859
7960	21845
6812	14700
12235	14079
11821	13241
2144	24076
9071	23583
4556	19020
10450	20024
7698	21711
4426	23277
5122	25640
9460	20101
3828	18284
8578	19044
10095	15162
8670	23141
1737	22164
9188	16944
8176	20810
3633	25495
5092	18056
11602	19873
1111	14797
5683	20454
8890	24230
612	15933
9708	16302
11515	23281
7782	25572
11887	17469
7804	22378
303	16138
9379	14369
1894	19506
3142	20213
2369	19538
4039	24095
5273	22844
5609	13423
7978	15701
6896	13668
6472	14464
1997	21315
9790	16761
5171	20078
852	13604
9170	17785
4723	19481
567	15825
12449	21610
7212	16722
1927	14938
10362	14161
2741	24759
10997	16522
8239	18615
4535	13902
6771	24059
9667	18177
11027	24191
9980	12888
10886	18226
3253	13469
1600	19889
3179	13019
10808	14238
6114	17179
8550	19173
10961	23126
3249	18805
10731	14838
9012	13260
1680	16279
6514	20929
12196	15916
10463	13348
11316	22329
8739	18002
6555	20129
9058	21659
1253	19034
6052	19120
9118	18475
5883	24510
12163	22743
12381	16802
8423	20321
10630	17408
3936	22334
2038	16533
4907	15874
4834	20522
636	15690
10188	18158
3218	13594
477	22671
4185	16725
1343	15385
1700	18601
12677	17121
5121	15384
1336	13835
2259	19075
2576	13544
6038	15886
10784	24950
7877	25155
10765	19185
12640	15900
807	21917
12803	13096
5975	18092
729	25005
6828	13416
12694	22601
3203	18617
5093	14436
9010	13424
7843	25599
3131	17585
10800	14669
493	12981
1465	21796
1038	19492
5183	25353
1910	23680
11705	18750
5900	25125
3330	24823
8247	24014
6724	21585
8304	23299
110	13285
8404	25306
7684	20159
1776	20035
390	22425
11846	20480
5311	15816
10198	24461
10318	18652
7075	16637
4742	25656
5914	13002
775	18490
5052	22946
5769	21556
6456	13654
6839	17040
11216	22112
2299	21534
10720	22797
12819	15591
12777	21395
1510	16180
1531	18472
6548	22809
3680	16765
11863	20132
1385	14153
7500	24780
9502	23450
7331	14090
3749	16585
7362	19135
411	17999
3013	19819
3170	13858
2898	17402
11396	21464
8035	16117
10855	23411
3548	19853
2382	22629
4702	24844
456	18823
8043	21257
7711	13884
324	15177
9406	24228
7915	13298
3335	13821
4803	23495
7043	19641
11703	22849
14	23374
2747	23568
4791	18574
5184	16521
12345	21931
1013	24880
4022	23251
3518	21134
12618	16848
8111	18756
7201	13131
4178	25067
12006	18985
3422	19482
5554	13949
11839	16147
6156	16809
6616	19722
11111	13243
2474	19878
898	21545
333	24440
1492	15228
1074	14045
5843	20664
11769	15430
11343	22384
10570	14743
10278	25436
1998	14123
1739	23430
11410	16892
11086	19419
6661	17651
7220	21201
5126	13723
8849	16035
3329	14988
5124	19580
9747	16949
1189	14349
3851	21964
5974	20529
11935	18435
2626	20937
7695	21715
3833	20399
7710	24168
11947	14047
4388	13541
9236	15614
257	17264
3318	16979
2083	20058
6916	14318
11761	16222
609	20844
5910	17326
10790	15869
10771	19113
97	20193
2058	13608
3009	16606
543	19449
10840	13522
843	14394
9143	22223
3195	23681
2235	21301
7867	14445
3206	17537
10933	19186
321	22286
12698	21509
7294	19247
8548	21636
7169	17226
193	21053
7203	23671
11754	23116
4657	17324
3902	15835
2927	17255
5157	20587
12045	23029
5001	19925
442	18906
7502	19822
4844	22469
2100	13061
9301	19453
3438	13706
520	18100
3954	19357
7740	21968
11681	17199
8283	18191
8645	16478
9184	24480
3742	16198
5230	14799
540	20405
11077	19102
12464	22081
773	13146
16	25688
12282	25649
12133	23135
10255	18073
10733	17299
1560	19183
1995	21220
591	13240
9855	22225
6619	17563
10074	14102
7648	24646
12669	14391
11876	19545
7738	23588
4247	19662
9516	18485
4728	13181
793	19163
4106	14323
12566	15043
5196	18126
8426	20526
12673	18235
10960	14730
12323	15288
1455	14284
863	23714
3788	15060
12388	18588
7130	21179
9817	15563
684	25608
12399	19104
9842	23167
5487	16021
9315	18969
7900	18736
4914	16853
4550	16320
2499	16458
9160	22865
7423	13971
8909	24090
386	14036
4832	17957
10178	17813
1603	16947
5315	24896
5212	20643
8662	25672
11837	15882
6904	14696
3541	17956
12339	16353
9645	20768
9670	20485
6012	16720
5427	14977
10250	20406
7003	14948
4296	20920
11071	24373
6802	18115
7396	19816
1278	17223
9247	23254
2800	15602
2622	22160
11158	22056
121	20758
12649	23521
8094	17560
2096	12896
7948	23606
3	20102
3781	12975
9605	22640
9089	20604
11334	17548
9594	20978
4915	20747
1438	18350
9701	23325
12612	23881
7435	21000
1989	23112
10142	22959
9756	14606
9458	19708
853	18308
6113	23785
8984	19612
3622	15997
2902	13868
5187	16193
10507	18180
1092	20322
10854	13125
10899	16116
3978	20586
12485	21590
8773	15217
9336	16707
10530	23458
1412	20396
1066	25054
5221	16460
5178	24645
7965	16730
6277	15859
7177	21265
19	20167
7153	17769
8357	23894
2062	20433
4927	23906
448	22224
12439	19531
5422	20487
5160	22230
3512	14205
4404	20657
974	20761
9455	23137
12049	16796
5298	25438
1213	19808
9540	13784
8868	17864
10939	17421
2292	13624
9146	17913
11910	20488
2988	25089
8946	15640
4754	15986
2769	14355
10979	25482
5935	14099
11674	23262
2802	15340
10793	14903
7579	16868
9528	18746
12671	14038
11078	14963
9425	15069
4619	17430
6842	20456
9217	13000
7607	19782
1060	13431
4961	23557
11219	24870
1340	15116
4417	15757
2309	18900
10576	15051
4781	20103
12019	17200
7227	16345
541	16566
12329	14267
7261	16409
2400	17410
10895	22952
10043	21910
10634	13384
10923	22177
9973	17095
55	13245
11770	17551
9748	19478
2815	13020
2418	21640
933	12973
7839	21893
12063	19184
3063	22920
2216	25441
384	24234
2110	23766
4234	25018
1304	19803
9356	14083
5656	21563
9357	18064
9902	16061
8099	20974
2851	15305
4133	19508
3306	18199
7557	19221
620	24363
3885	16004
9023	25297
2451	19718
4692	16917
7731	20438
9272	14052
8826	15144
956	19701
4488	14170
12001	14454
2171	25317
4818	23472
11778	23098
8399	24272
5645	23303
12727	16443
12178	14442
8452	20441
2368	23056
2313	25286
5545	24284
402	25634
8609	14567
6545	14046
11104	21670
2407	22997
10282	17679
9783	24237
57	13200
2888	16764
11502	15028
12597	21471
6172	19131
4718	22363
7942	23321
10344	24943
2991	22402
4705	25661
5894	20679
9537	24173
8196	17034
3214	17898
2867	13827
9720	18244
8842	20424
12055	18760
7841	17081
4829	21477
5435	22979
1015	20892
9854	20097
1764	17303
9411	16689
264	18928
1018	25214
11465	13476
128	18236
11627	18006
6936	16888
11404	14209
5414	19015
12066	24812
1617	16894
2106	24287
9418	21760
2690	24392
5287	20174
9084	13209
7806	16323
2200	24918
3187	16901
5197	22882
2016	15392
3989	20274
6140	24923
555	21765
11998	18803
3879	18279
11181	19401
5534	21557
3492	13567
4600	21036
4170	20439
3503	24129
4032	13851
1712	14298
10448	22836
1913	16681
12382	18511
8552	22744
7155	22026
6336	17522
2618	19328
8644	22762
5255	18945
626	17968
5444	16769
2864	16292
7490	13692
10922	20271
5996	21613
10057	17984
9964	17127
4636	13269
8539	20347
600	19340
4493	20653
3675	16278
6128	16197
7874	23164
902	13877
9582	19252
3698	19590
5563	13512
8240	25457
5876	18043
2995	13980
5625	25293
1833	19536
9655	19408
6758	25453
10531	14990
5411	14018
9826	17567
7549	24024
6886	13392
2425	19497
2008	17492
3105	25455
3759	20909
5318	14097
8551	23683
8480	21514
7358	21926
2491	23009
11753	16045
12525	21598
842	25290
10579	24525
12615	16238
4842	20869
4984	21027
6826	14774
6934	20860
10583	17346
7249	20242
10067	23902
2120	14159
9929	25001
3641	22753
8012	15441
11858	21166
12303	14278
1665	18638
1201	18089
2417	16145
5094	25322
8641	14135
9550	20822
3543	18776
7193	14054
10988	16953
9735	16109
4680	21535
12291	16554
7371	16731
12293	19209
7325	20144
6575	17531
11044	13452
6996	16182
10100	24838
6687	17995
11781	20218
11560	15953
5107	17280
7375	18292
6293	15301
3854	13615
10139	21802
12406	15524
367	24455
864	17508
10024	18078
7766	13521
962	14572
1716	16372
9865	23307
8189	18639
1062	21677
2743	22267
3564	25428
5192	18365
4998	22273
10658	19160
7659	22540
859	19710
9463	16411
9811	21905
12278	17348
11333	15670
3091	13268
9039	18401
6191	19659
5257	19713
7882	21919
9792	15459
5155	23388
6811	15245
3451	21317
11957	18256
4496	16075
6162	13965
10537	15911
7550	23632
10401	18692
4694	14868
10785	15616
3786	20468
9553	23121
7258	25472
1228	22879
6540	19457
9017	20619
75	25440
957	15705
7852	16235
9988	19630
3795	16654
1858	18775
1633	22786
4346	23468
756	12854
6618	23911
4978	14303
6330	17331
7491	19483
9330	19110
7812	18296
5267	17092
9775	21642
5035	23504
10351	23005
12823	15578
12103	23516
2568	19551
1298	16156
739	15017
8981	22636
6531	24246
5806	24801
5941	17489
2161	15469
12775	25129
11813	18660
4780	23221
1396	17133
6869	17220
6287	19278
7348	15029
9467	20128
6299	21181
3010	12873
5509	20207
7429	14223
877	18992
8184	24060
1907	14204
5976	17926
1605	25087
8103	24199
10335	12886
12262	19445
5494	18363
12728	14080
7107	19010
779	12989
6723	22218
4278	19648
9965	13596
188	22194
3129	24660
4765	22231
92	22424
2811	19047
5145	21925
7115	20177
7724	14979
955	24489
9199	20986
10018	23465
4559	20146
1898	25429
9380	21970
5652	24436
1478	13117
10640	21506
6932	25506
3669	18929
3692	23620
9936	16597
10259	24522
12592	22444
9007	22025
4119	24296
5737	13195
4004	21015
11452	18530
3062	25426
8267	19593
8027	17464
9573	23678
1781	22980
3660	19565
2228	14581
2003	23040
12083	24242
2117	23878
374	13380
3255	17146
11579	13876
8337	22642
8223	14580
12425	20091
4325	13101
7447	18573
10610	23719
8234	24411
12430	14248
705	14143
9431	20580
9446	15924
294	24249
4601	18989
5219	24545
9700	24577
5360	22874
11566	13715
3015	23817
8018	21854
10584	13875
1747	24685
6526	19499
10294	19062
12508	13391
10511	24948
10608	16520
8983	14138
8522	16768
3408	14817
10826	23907
8637	24777
9913	15946
9110	16719
5561	20907
5188	22672
4801	23334
3720	21678
7452	18061
10863	14443
10046	21515
510	20195
4870	21747
7223	14033
4441	19769
7071	23765
7473	25032
12336	24985
9606	23165
2246	25358
8402	19721
4916	15086
5345	25558
2336	22510
1957	20211
3454	15261
9332	17872
6480	23636
651	23673
1669	23667
1450	15652
5567	16978
12601	21794
2751	17896
9692	20947
11174	22900
3602	22028
10029	21638
2778	22300
4282	20254
365	14753
5642	15671
7764	23866
292	24481
11402	20125
2341	15995
1212	25423
2905	21841
283	23990
11853	13180
1381	23180
8348	18987
10993	14491
12634	15172
11463	24637
7344	17076
8622	22405
5859	22941
3099	25150
5712	17886
821	25388
3868	25516
10870	22358
3726	12929
353	19706
7721	20745
1676	13481
6716	17856
10851	24929
10929	14376
1528	25274
4878	16103
8729	22595
3307	21594
6485	20249
12507	20647
4734	16994
7031	20052
468	21868
4200	22284
1695	24091
9496	14329
5840	16756
1161	13248
592	23994
9487	15806
4874	16955
6327	15575
12404	22963
11884	17862
7244	18953
5253	16902
7315	25521
2238	19371
2978	18583
5991	19407
9642	25471
5620	19881
1200	18088
3385	19909
6022	22210
7730	23407
8506	19649
2861	16307
3561	24756
593	15071
9739	14486
7190	17074
776	22457
7142	19755
1757	15568
980	19539
5608	20012
9745	22534
4866	15688
8674	19201
577	14637
3873	20517
6861	23207
11903	23373
4528	24483
1685	17238
8358	13633
7622	20694
10853	18576
11033	13686
1227	22393
10049	22392
12198	19448
1815	23655
11786	18813
8148	23070
1652	20286
1805	16819
12588	20233
3343	21752
3377	25583
2717	17636
11962	15747
5292	18016
8122	24357
7404	16100
9434	20224
12028	23759
10670	17844
4399	13308
11970	24524
487	20693
4208	19177
11125	25208
10571	24591
10704	20607
8109	20403
9321	19857
7259	12923
8767	19156
3387	23409
10830	15276
762	13119
9427	24702
2147	18744
130	21676
5144	16243
3663	24630
6246	14202
5723	16287
11641	19142
10753	19312
7601	14107
3434	25467
5206	16627
3582	20484
3716	20292
614	25401
4920	20009
10084	20448
746	18333
3897	16576
3696	21882
4295	19216
8757	23348
9083	19198
9622	21216
2337	18425
1170	20229
11871	15007
8965	20016
1063	19105
8750	19022
9944	19967
12705	22268
11961	15182
8925	14530
10567	13828
11304	19577
12465	22445
7719	23231
7141	23975
7617	22294
3871	13455
12620	25205
3339	14412
4316	13310
3389	14049
2636	15761
11645	13808
7320	23904
3687	16807
8630	20809
7748	16152
717	22907
2465	19705
1496	21307
6490	22470
12665	14834
10197	19753
1593	22311
710	18592
10319	22310
2962	18198
11448	25367
578	18625
9840	19129
9469	23783
10913	13645
7445	13773
8797	20585
5826	13771
12712	14091
1049	25611
9961	24103
7150	24218
5445	20678
4642	21215
3849	15247
7001	18400
8331	14707
6278	22292
5433	13973
1960	21833
6949	23187
10221	21518
12390	14703
6482	24828
10151	13161
1932	25497
11407	18225
10688	20329
4737	13450
8046	15633
3647	17108
5341	20266
12363	13788
8948	21115
12474	13657
7497	19605
4898	24561
3876	19387
9461	23174
10106	13859
8250	19937
8125	20778
4433	21249
5308	23025
8070	23189
1000	15315
6355	16214
10066	14051
6527	16396
1284	18503
10236	21874
8382	17371
10456	15915
418	22407
11282	21335
2357	18326
8171	20131
1504	21929
7060	22718
4398	18844
7889	25119
6682	21938
5777	23752
8626	16101
1683	16362
12136	21349
3108	13587
217	24034
4707	14922
4868	18252
5543	24187
6596	17717
2212	23157
10679	17300
4507	16266
4752	21508
6941	17909
4793	13792
11031	17590
8395	14806
6104	19651
5343	16130
6665	25503
7103	18610
8830	15721
2362	21641
2463	12913
2302	22027
12438	21118
7627	17072
585	14828
12073	19083
10155	14585
10829	23004
11829	20764
1437	18103
9154	21086
12067	23391
6033	21928
4076	22870
4774	21467
7457	13935
11921	14512
258	20564
2373	16684
8763	14210
644	23138
6376	20771
11683	20453
3431	23640
5774	21717
2432	19358
5243	14779
1763	13540
3536	15500
8407	18752
7562	21390
11571	25051
4172	24312
7871	16327
12358	22135
11254	17735
3967	23467
11165	22366
5223	16618
9807	17912
4836	14400
1886	18116
12575	23761
12734	19138
2630	25261
35	17558
3784	13463
7657	24288
3674	25280
4617	19956
3963	16288
6930	22856
9324	22332
9347	13931
3407	20325
7481	13656
1119	18331
5630	20524
3299	25022
4722	25180
9056	21721
2055	14561
194	15306
6632	17283
6129	23775
4308	18949
7755	18084
9107	22129
768	23760
11066	20192
1693	20601
1035	25422
2819	15133
10920	23651
2359	21465
463	25591
4195	13561
5772	19473
11826	24036
7102	23115
375	14218
53	22389
8318	21960
5272	21859
4715	21128
12585	22599
5819	18839
4384	13591
11364	19378
3520	23328
8386	18856
1475	18048
10093	24809
569	14058
3882	18960
5069	21146
3630	23746
10957	21227
12659	22757
1961	20992
11688	17841
7270	22020
4057	21565
1172	20640
12680	13958
8446	20579
3448	15218
1282	15636
1054	16874
3968	23807
1583	16453
12264	17500
7456	21360
1782	17080
8343	18802
8752	16399
6525	18135
4254	21681
2021	18193
2040	19019
7628	23696
11329	21418
4817	23284
4427	23641
9343	23147
10365	19264
2459	13524
11607	23952
3084	19810
5715	15350
11034	23176
8380	22321
3359	19841
3802	17783
12564	14350
5247	24473
8887	23077
1532	25437
1159	19934
5131	17509
7732	13925
6437	22475
9340	14327
11639	18829
9317	24209
7474	21662
3648	16975
74	18000
10551	14835
11167	19439
7586	20536
9394	14212
4716	17617
532	20881
8503	14670
9941	25335
8940	24341
1180	19552
8445	13676
11512	18293
5925	20421
4954	22239
9441	23335
8698	16470
9860	16645
9951	19943
11480	16877
5325	25152
2414	13917
3011	16479
7563	13111
11096	21142
2242	19200
12786	16970
305	21031
9791	17628
8704	25630
8606	18185
12270	17356
9130	21947
9239	19864
9371	19661
6911	22337
5998	12910
3134	24352
5276	25234
5685	18347
4940	15473
9615	23219
12414	17365
4307	24306
3875	14879
6195	15892
6263	20163
5851	19636
11072	23848
7515	14490
664	24696
7589	15891
10434	19826
8944	20281
10825	16508
11403	25031
7529	15689
5015	17905
7400	18863
5863	25247
12217	20479
4249	23661
7242	25323
6402	19872
11790	15503
12468	16360
7278	15872
10667	19073
2207	17744
3409	21035
1495	19267
3350	18142
9374	16338
377	20605
5295	20864
6027	24833
5924	17066
5738	16964
2565	16856
2973	17543
11597	16721
6491	21151
7376	22055
7692	23054
5271	18547
9279	22416
427	14160
3624	21540
4319	13894
7885	22309
6874	20087
3531	17224
925	21004
5185	25131
10388	18572
2839	22495
10872	19870
9870	14891
3215	15304
10073	15125
2170	23657
1609	17566
8525	14732
5765	22303
4956	21986
9847	15032
4815	18247
2498	15376
5539	14939
12785	20084
5735	15748
12261	20705
6549	17065
7355	15408
4374	14044
2788	24601
6657	23257
7204	18470
4003	14570
11432	14689
1803	15406
4747	16274
5425	14773
12371	15776
8468	17604
9492	19771
1005	23186
6577	25132
2678	21895
8287	25140
8174	23993
10303	17006
6241	22275
1421	24995
8509	20298
9361	18011
12829	25605
10260	22791
750	15339
8902	22280
1042	22892
11266	18496
721	23954
136	18211
11383	16167
4521	23863
8507	23771
3513	14292
261	17470
2485	20365
467	14239
309	23649
1872	19784
1277	15052
10910	12943
6092	16841
1519	16134
466	13249
5742	14414
8061	19588
6367	21904
9400	13279
8347	14180
10557	13646
9254	17196
12627	23318
9991	21109
7096	18463
8855	19656
1457	14866
7123	16023
8929	25146
1631	13515
12663	17406
783	20094
8459	24879
9008	19059
7953	14958
4219	25501
10052	25239
2943	18429
4575	17611
2039	17474
10416	25687
10355	23139
11221	15012
5265	23235
3650	20422
10097	15004
5431	14810
1902	20140
2662	18465
1594	25232
7552	16024
12113	15354
10455	18359
10315	15471
1257	13355
7805	17407
7893	22186
9963	20712
1068	23967
5216	13546
6507	19463
10334	23658
6021	14427
11817	15634
356	25520
11907	17409
12626	14103
7148	20772
7214	17614
10687	19944
1497	23537
5361	19568
1275	24786
12482	16517
10695	15348
12064	14757
10161	15551
12789	15786
12836	22013
2534	20795
4891	17692
5067	18412
7630	21337
2513	22004
94	13789
6054	25355
6824	21851
3194	24495
816	24394
9524	23177
4169	15918
6121	20611
9452	13806
1979	22715
1914	20800
4162	22459
12768	16972
1260	13359
8440	13742
10141	25116
1937	13666
11922	22118
7993	17202
4040	13939
3717	24796
3115	16813
7728	13543
2301	14937
9466	19326
4196	16664
7436	23948
8580	19950
12379	21703
6135	23326
1761	16344
6439	13090
9506	19682
11021	17182
1225	20404
11342	21198
4160	21011
1701	16265
9763	14813
12281	14930
1079	14928
8726	18344
6568	24302
5884	24221
9885	20295
7530	20083
10343	12959
6749	22608
10509	13950
4661	17243
3464	14025
12179	19628
6398	20548
10104	17779
8731	18288
3792	14818
3811	16831
11439	14410
5263	14337
2640	20780
7480	23750
2495	18253
876	23590
12018	18390
10146	22370
2701	13727
1823	21045
118	22386
116	13234
3224	15917
3569	24050
7340	14004
2671	13087
536	14520
7856	20789
306	24770
7391	15293
9486	14551
1402	19385
6318	21834
7741	24165
12334	17578
4877	14256
11479	22942
3945	15191
2956	23860
8785	25460
9640	16815
12814	19938
1848	14114
725	13054
1480	17381
5396	13874
4837	21081
6363	24744
3896	20252
7834	20209
5081	19494
1217	15991
6	23733
4731	16202
204	14722
10149	17046
711	13769
6808	20634
11576	19164
5353	17825
1245	18686
8461	20056
1010	15158
12846	23517
9125	18654
5496	24808
3799	13022
4156	15403
12831	25008
517	14024
11572	14338
1970	20933
4629	21482
27	16667
9123	13518
12203	22703
3295	25410
11173	17814
4228	24867
6732	19570
7930	20547
9181	23617
2793	20168
6860	25645
11324	16929
4811	13893
9161	25544
4023	22065
3606	13443
2054	23674
2159	20766
5282	18095
8796	21017
5261	17035
5951	21684
5434	18355
8923	18706
2554	17645
12689	16194
2442	22971
11018	17933
2507	24650
49	22266
4909	22265
7616	22730
11438	17734
405	16608
1558	20802
3039	15817
7624	14780
6852	15089
5061	18591
6671	20724
2633	22589
9031	16774
5568	22985
1837	24899
7912	22735
6364	24421
12201	20189
4779	19390
5833	21830
10647	23895
2680	19758
2974	21470
12491	17546
3740	18317
8524	15173
213	21379
11351	23240
8932	21135
2719	23510
12423	18074
5277	15570
2932	20053
8221	20624
5213	23955
4663	18459
5461	13758
9715	18648
6013	16020
3755	18069
4820	22649
5210	13623
10159	13880
6698	22242
4171	25565
5933	18807
1031	16638
3124	17513
4591	21264
837	19760
4890	23711
4696	17867
10011	21203
1651	16376
8460	14864
2605	21522
3613	14321
334	15056
18	16671
8993	15370
12799	21190
8779	12914
6142	21405
9225	25663
1152	19276
7441	25451
732	18186
9226	15387
46	14403
3293	23223
1580	24160
4858	24069
3030	21800
8000	17638
10431	13523
4467	16603
8813	15227
692	23999
9680	22057
11941	21942
1672	19978
1925	15337
2739	23214
9926	17947
12078	21272
5211	20645
1368	18684
5281	24443
4431	24841
8048	22878
10697	22544
8850	18773
9625	22695
9530	23172
9966	24831
11076	17974
971	15860
9320	24106
5415	12902
11119	18533
4534	18594
11020	18478
9953	17002
12034	19504
11993	15605
7686	18540
3668	22539
8706	16062
8781	23101
8760	14061
1247	19272
3176	20742
4605	15464
8977	21262
10775	21581
5897	17924
1831	15600
7849	24968
9363	18145
2645	25236
9883	16980
148	20196
4274	22623
9102	23302
9627	16921
1952	15795
12806	16562
11360	17642
5610	18770
10962	24740
5796	14141
7048	21963
10252	18403
11851	24400
62	13157
11913	18075
4093	17009
3767	17843
85	25576
12529	14563
4227	18517
3665	13477
2175	25275
4966	15887
5694	24329
5449	22798
11932	17368
1941	20934
5716	16615
10909	17660
4850	25305
8300	14266
11827	13437
6186	24862
3639	18282
11833	22045
1095	18204
2138	25540
12169	17100
11844	17380
5799	17302
9177	20275
11274	14362
526	18980
976	21500
9962	20746
1877	14994
5988	20366
7641	16105
5143	21886
4312	14854
4632	18263
6965	20804
12003	24205
12755	16617
6871	22711
4438	13899
1461	20826
1529	14748
10445	23958
10806	17307
5571	15324
8123	14662
1924	21357
2152	16852
3904	19265
6109	17459
3241	15702
576	16711
12790	25679
6743	17980
8534	14770
2916	21653
10030	17460
6008	20836
7014	17172
12361	16126
4626	14921
6580	16111
4265	20755
10600	19502
9547	21219
10050	12976
5028	17476
3341	15668
2886	20972
12328	19166
8747	14413
6585	24872
7625	17900
10218	21038
680	23659
5541	16727
9554	17539
2183	14582
7566	25281
1887	21525
3764	19948
6556	13824
5009	24015
5177	18831
2939	16448
7682	23064
10272	24544
1863	24832
10014	18413
8847	21786
6007	19277
4255	21980
10730	14597
8301	16120
5215	20241
8316	23567
11669	13745
9233	18717
6187	19915
8829	15715
2799	16943
1641	19668
159	24002
12650	19866
12752	20356
10797	24928
3603	22986
4480	13581
683	24138
1673	22748
8059	16863
1423	13677
5229	18876
4775	24938
628	19434
5856	18119
11052	14245
7175	24456
9770	22133
7479	15312
11805	20781
7890	16141
3097	15559
9444	19767
11551	23360
1562	13053
7523	15297
11387	21913
12805	18812
4019	17819
1789	13449
10267	24281
12429	13937
4263	16332
1661	25505
8139	23384
5576	24084
5842	22978
1817	16710
7250	23356
4768	14887
2306	18120
3560	20503
3378	14739
7363	20446
11864	19875
5095	15990
7758	24367
10646	18873
1718	25564
10696	25666
3188	12894
4699	23291
4131	18778
9485	25670
1326	19520
731	24133
12475	24922
11955	15571
4091	12870
7432	23387
11028	16177
8254	18076
428	17453
6274	17849
5077	18070
3478	14883
7475	15815
604	16904
5175	16484
8362	14129
171	13826
8665	13347
10060	23196
12548	15780
8172	19435
5823	14827
7029	14282
12733	15879
12187	19821
4645	23964
8959	15558
2713	20540
9938	25586
11636	17120
9614	24609
4187	17799
3496	21302
8872	23286
5286	17619
2261	22240
5331	18765
12214	16160
10341	20727
4649	25345
6598	16069
6921	18599
2097	20205
2594	14815
2454	17506
3741	13900
6169	24636
8130	24458
38	14712
6221	24642
4277	21254
11045	16795
12533	22875
12813	15779
12038	14731
10999	23073
6979	17511
6212	13535
371	25537
12461	16217
4113	18214
2270	21902
858	22053
11188	22176
2408	25264
2426	14715
704	23107
6857	13550
1240	16524
7185	15140
5734	20917
6317	20726
2092	16203
2624	20575
1875	13582
1363	22770
3327	19575
1179	24713
1163	21340
1351	24634
12541	17569
8546	22509
2366	19257
6631	14675
10339	13370
9771	15554
2989	20068
6335	15072
7046	22887
10756	22498
1638	23749
12123	20588
10940	16476
2549	23836
7612	24699
10926	18097
5969	18342
11765	22279
99	20716
3501	22403
4656	13997
9019	22613
3880	16658
3248	18277
6519	19117
11944	20689
10896	21908
12657	16328
10516	19927
7327	21827
4285	20113
9304	22652
4348	20176
10850	15399
6782	22264
104	17579
7631	19056
9043	16209
39	13141
5450	15920
856	24871
5624	16110
6050	15296
5950	20545
5862	23940
5492	13099
649	24687
7303	20341
9215	13297
4708	13341
10277	17868
2130	14220
3233	19460
7729	14911
5302	14798
10380	21776
11346	22575
12711	19541
8573	21323
11494	19219
2703	21455
5733	24265
3588	18883
5731	18899
6858	19899
11141	17036
2211	22972
9388	15709
1589	13197
7233	20582
3662	17945
872	22637
5970	19043
399	13979
4444	22030
8543	13757
1431	15213
9520	22046
9659	16687
9610	25494
10912	21100
1956	19114
2013	15299
2683	24556
9104	21876
7848	13451
4670	23018
8994	18512
2416	16779
11424	15597
482	13930
3287	24116
4008	13497
4784	19000
4491	20457
12608	15036
425	20990
1091	15416
2291	24616
6994	16355
1178	14166
11489	15014
12017	17193
7829	23827
5648	17809
9197	17468
7717	22582
11481	20642
5942	20119
9556	24081
1620	19033
495	24196
4581	22346
8081	14096
108	13344
3688	15156
5665	17268
10280	24236
12255	19096
1143	23780
10835	14455
2315	21602
2904	19988
8857	18857
10864	22868
2952	22344
5759	24294
9740	17305
8807	17904
5980	18233
8390	22163
3442	24255
12308	19303
10554	15126
2661	18461
7514	13832
10210	13652
9295	18764
8513	19598
10488	23212
1419	22669
8714	16032
4566	15109
7050	20259
10182	14467
681	22656
7650	13414
142	13495
12850	19970
2006	23682
6621	16581
11563	17109
3528	22246
6520	21985
10924	16870
3926	20123
10314	24022
11391	13505
8716	24154
810	17706
11080	18697
10367	20961
11646	22655
4482	14324
4628	17700
9052	22644
12570	14084
6423	21206
7341	24906
6245	22248
454	18003
1773	13289
2090	24283
882	23026
11294	22789
8678	16537
2859	21768
833	16088
4930	12890
280	15424
1992	14819
12489	14616
854	18777
6729	17830
2311	18058
8299	23554
12470	25418
9589	21981
5060	18869
4498	21094
12844	20500
4497	17385
8228	21469
12207	15055
2940	24772
3813	17547
6080	20754
11516	16425
9737	23579
7791	20993
8372	17973
12511	23920
5882	23178
8437	23173
8770	17313
11422	16403
9258	14224
3699	18956
5873	24000
5439	14588
2460	15195
995	18565
7558	18519
8936	24008
11169	24215
7701	16136
127	25450
9566	20591
8417	16546
2310	22426
10767	23857
9449	14823
6497	18983
1581	24776
10389	21012
11996	21416
6297	14265
8884	24438
11117	23791
896	14550
11152	23603
4545	18060
2677	19778
1037	16907
5678	24025
5502	25090
11485	17083
7704	15744
4889	24817
5749	18027
1009	13232
2699	17374
12140	17386
218	17669
4014	21837
12174	15040
6530	22116
1573	15732
12764	13834
2526	18636
12516	13358
5071	23899
9159	18891
12784	14524
3477	23933
6261	21343
6353	19715
4685	22256
7996	18621
140	17233
1624	17861
8640	21673
1909	17796
6635	23505
749	18950
9040	21652
12416	19095
6504	15735
9000	25077
12776	16942
12811	15463
11912	24064
11746	19926
11253	24651
8225	22325
61	12862
4244	13892
5138	18767
4252	21937
7615	25452
6144	14133
10878	21803
7908	23462
2239	24354
7313	18093
4499	24553
565	13150
4361	19281
4724	20682
2845	13955
2963	21989
2856	13271
4578	23343
1238	17194
3734	17610
8377	20973
7878	16498
1892	25433
11019	22524
2536	13152
6705	21553
3338	15692
2694	16534
8128	21958
634	13841
3575	22474
8587	24640
8351	24378
3761	23805
8787	20019
6998	19388
8463	15807
4579	24798
12332	12977
7968	17000
5424	20926
2715	18886
9797	15260
2361	22821
9843	16762
5017	19547
5549	20021
4543	15650
8013	22583
5388	14351
10718	13315
11608	16999
2348	22808
3456	16698
12007	14736
1333	22260
785	20910
182	13647
2563	16049
4987	21623
10175	23886
9512	14011
7636	15669
7664	25390
2876	20696
3340	15514
3550	16439
6714	24159
5227	22156
1906	18409
9268	13860
12732	15907
4350	16867
4206	23447
8042	16822
4007	21266
3864	15105
1857	14137
11824	15502
12043	22780
9989	21238
5659	13356
5129	16406
9893	17338
2156	16377
2204	14992
233	24377
1118	18059
1500	13779
6466	21241
11889	17940
189	17728
5915	19759
4857	19714
5846	23869
11213	21332
4041	16231
5895	25458
1233	24697
10094	24503
9420	21020
3700	22716
7837	20130
2750	21612
12545	20637
1588	24723
11544	19011
3715	20290
5483	14156
5426	19951
66	20979
11144	24754
979	19519
7311	16033
3252	21158
9779	13682
10712	15697
4597	21633
1236	24042
11348	14631
960	14720
4408	22596
708	18769
3815	12946
6683	21858
6377	15935
6651	13388
6255	15756
3348	16125
5291	24124
6944	13342
3607	22119
4762	23974
7291	24326
3508	21864
7401	25606
7017	19563
1477	15947
7654	18334
11782	19311
9891	23364
5381	25291
5838	12892
1623	15186
754	21178
3262	14219
10486	23572
5918	22673
2166	22412
4695	23498
6350	20684
3008	15851
1806	21133
4410	23492
1751	17157
11442	23036
5854	20151
3790	15272
6891	20512
3912	14037
7334	21793
1077	18261
9066	15289
10226	24917
1794	18038
8076	15391
11865	15588
6595	19471
6804	25536
11406	20397
5555	24910
5377	19222
10370	25015
6517	24206
389	21897
2748	17990
5468	13270
2047	24366
8910	15407
635	25104
4000	23276
6265	19462
10523	23125
8798	18219
5736	20001
11937	18579
7408	24859
528	16343
6359	15968
7101	20117
2205	16633
7326	14949
9196	24134
9716	19409
4300	24793
8317	16464
7860	18828
1714	19798
5930	17640
6881	25352
8759	23420
3301	21169
1347	13938
1239	15446
1470	18021
1466	20495
9029	19157
4112	17771
2000	18352
3038	13818
10529	21232
2063	20317
5464	17690
12678	14613
10472	25288
7398	17573
2421	16455
1777	21991
7451	20546
6276	25598
5682	24960
5802	16950
7089	24275
897	15944
289	25628
8618	23399
8187	18962
8690	19190
1526	18314
11878	17023
11510	22982
3211	14194
2057	15256
12638	20121
9140	25103
10654	21740
8415	16862
12054	19766
9901	15765
12297	18183
1639	24800
8470	17697
6680	23939
11960	17110
1585	13816
9471	13374
6200	15910
12630	20918
4622	21671
4390	22557
9122	20549
4236	23977
2604	15341
8454	14516
6302	25061
11137	18299
3618	13394
8260	15998
906	16466
5438	19134
3297	21607
9583	16342
2287	20751
6060	18714
2533	14469
3738	22114
6937	22099
7709	22890
4861	16716
5937	13336
2583	16151
8152	24598
12560	19735
10616	23052
11604	21009
3199	15331
5350	18762
11843	15942
6395	14233
11557	15754
1476	14995
1132	17455
9255	21536
6214	17932
10710	23102
9389	17260
12013	17833
6648	17533
1138	14385
12184	21891
9823	16778
3117	16732
1839	25398
10308	14007
7669	14513
2994	14895
11283	21969
2572	16674
4336	23491
6159	25557
10837	21741
3433	20965
2088	19271
11060	12925
10925	21489
4304	15150
1487	13717
12628	20562
1154	18577
10045	15489
12002	23762
11347	18374
5943	18406
12477	13052
9034	14746
10398	18153
6289	13574
9535	14684
310	22100
8608	19195
8284	19843
2244	20574
4548	15725
9829	17041
6348	24765
10427	13560
10888	18223
2082	13508
114	19619
996	20430
9198	18473
10517	19202
9656	16531
11187	19637
8156	18268
2607	24618
12272	25263
9061	25081
2402	24327
824	16240
2007	19461
12385	14607
10611	24568
8815	17486
10397	22894
7661	15611
6137	15238
7503	21155
5046	19966
3616	20400
11377	17296
360	18440
10174	23586
5048	22935
8928	24208
9872	25186
5251	22934
6756	20023
4074	22187
7266	25020
6940	22039
663	20046
3777	19396
12480	14803
9253	12940
4672	15783
198	12879
12032	13737
12356	14228
7171	22620
9960	22487
4603	18915
4650	13354
12710	16586
394	20505
400	17808
2912	14226
4190	14909
3816	18410
1136	17058
8882	14577
5887	14461
10246	20219
11776	16591
11429	16401
3728	21025
7040	21391
2515	19850
9276	24114
4099	15323
3268	15461
1272	18432
10304	15883
12651	21384
5756	20109
8021	15359
9322	17397
6508	22680
24	25392
3150	13410
6843	22532
6744	15603
11867	17989
12445	15011
9307	15623
11450	22091
11426	21950
1722	15981
9470	12952
9348	23776
547	14747
9621	18438
7691	21409
6029	16330
12036	16165
889	23032
4913	24276
10536	14632
7531	12931
5798	16341
3686	14851
6838	20465
3514	23248
7822	20359
3526	13519
9311	25029
4460	15710
2436	16849
361	16444
5437	18668
6983	14721
7018	24663
715	23541
2559	24369
8063	23242
489	12969
12348	17699
2698	18889
1428	18264
10512	19890
10815	18023
8523	14915
1134	22665
8248	15090
4725	25610
2284	20384
5640	14522
7783	14962
5997	21411
5031	16028
9319	17335
2641	15834
3277	16000
12209	20191
559	15465
7254	17996
3649	22675
7268	20793
8912	14525
10974	15216
2231	17168
4583	14933
7977	23476
11991	23456
9349	22531
8590	18520
5981	15712
3060	14064
953	25490
9904	24006
1904	21744
8014	15613
4635	15198
11662	15207
2925	13678
7351	24778
5814	15646
7836	13579
8660	17107
679	18672
11815	14087
6358	19801
10502	22927
9498	19792
4502	17901
6031	25374
7297	23300
9752	21541
12479	20941
2241	15211
1202	25326
6708	18152
10353	15659
6908	19558
3216	20776
1656	14425
3706	16378
5080	25363
5834	22077
11273	21888
3940	21510
6831	13026
11773	18212
5467	21383
1571	24689
2393	21016
2215	14071
5955	24991
4158	20687
3351	23646
1608	24351
1801	16400
7168	20595
6286	19279
415	22696
6049	16159
10743	15037
5043	25658
7112	24404
1883	16131
2440	16688
6442	23518
1660	25034
10189	23843
452	15893
10186	18564
224	20618
10466	14693
3094	24720
2786	12893
3221	18789
2453	13952
3048	25675
12509	21143
221	17209
8274	19685
4060	23324
11317	13296
4104	16057
2567	13856
761	25496
12837	15746
6479	24178
3058	15154
1595	20038
3556	17298
2471	24256
10770	15404
7910	20923
8011	24153
2918	18170
1596	19386
9059	16310
8896	20708
9309	18354
11820	20072
12377	17026
8083	17983
3516	20155
60	20777
9126	14165
1860	13003
7703	13756
6900	23218
1634	12909
10171	24131
10410	21578
4256	14281
8895	18267
12721	20198
2858	15593
5109	20738
1800	15902
7831	14021
5142	16898
9358	23401
5180	21293
4783	15630
5938	13335
12737	16551
8569	20569
5161	22232
3035	16821
10231	13346
11217	22995
9153	23858
1484	22835
4275	21728
632	23129
2614	24732
7028	17514
865	19634
9773	21975
2121	15380
192	18239
10643	15091
12521	18884
7329	16329
11030	18258
3860	20420
7854	19038
2131	19720
7382	20330
1692	14481
163	13985
6715	17855
12754	22048
8054	17652
4544	23046
4989	24705
6351	20969
613	16891
1555	19013
462	19359
5874	22535
7608	23220
2358	18562
10801	14168
8	23200
10918	19725
6755	25348
12237	17972
6713	24353
5239	18536
2810	18448
4085	14612
9977	13713
3576	20558
4159	13068
1708	16991
7896	22898
817	19867
1114	14158
1753	19337
459	15149
6796	17274
11714	25667
10065	13286
12656	23086
185	16397
11307	19832
7938	20148
1393	23317
5111	19234
1048	22969
11227	17707
544	23007
834	15044
7471	23691
8202	24763
8429	16685
12335	23607
1835	20946
3461	15039
10442	16515
230	17758
12457	16348
10368	21909
7047	22676
271	23184
1688	22586
1949	25299
1303	15003
4963	16468
4794	13795
3533	20658
11501	18280
5513	17524
7651	14264
12598	15889
10953	17014
445	13926
2724	24370
9651	15973
79	20051
1261	20508
1120	20398
9408	16297
3858	21336
8663	24233
4294	21824
12088	20622
9693	15076
11279	23459
9178	23122
7643	17694
10352	22211
9093	14332
6440	23124
11801	16677
11877	25059
5497	23015
12708	13156
5404	22962
5409	24337
2958	20828
12750	21466
2363	23393
11787	17197
5505	24856
6915	20729
12606	25603
354	13205
6699	19678
2483	13126
9493	19940
11064	16359
9286	13036
11475	20200
2634	20723
9218	15802
8824	20655
11231	21126
522	22104
12801	20854
10803	21387
3159	19846
219	20851
1378	23205
7897	21459
11005	16300
1471	14942
7840	16336
11883	22276
9382	19464
5327	24322
1166	12883
7708	22662
3834	24931
1064	20894
6837	14487
9244	16097
3683	23376
9682	15908
7985	17655
11819	16104
8780	23794
3069	22134
4044	20008
1561	16367
640	23726
6471	20695
6267	14676
326	13936
1281	21805
820	15620
3994	24387
11618	18286
7240	16860
11303	24241
2993	24434
7039	15753
6088	21645
983	19731
3697	24415
181	24818
5929	15655
1725	17658
3145	24299
3200	18774
4675	16210
11586	13056
5901	19155
2075	16878
7653	21060
7545	17184
2430	23835
6816	14154
6118	21702
10798	23497
6832	15777
9534	16832
7230	13322
6190	20337
7292	19996
4906	23921
7632	22627
7541	19341
8344	18172
9494	13744
7560	21916
7133	16480
1075	13993
1918	13746
11898	23044
4392	22157
3172	17237
5340	23644
3365	18893
8303	24951
9945	16340
5011	22915
11003	19314
5708	22712
2881	20925
11134	20674
9858	15552
12841	16440
8728	18250
12318	16806
11344	18518
10900	14015
6167	15626
720	12875
1083	23024
12424	20928
10998	12877
12731	22009
3245	23414
6995	24065
11013	22536
70	17230
7911	16558
6885	13326
7780	19228
595	13527
1647	13441
10292	25048
9457	25595
4302	23564
11131	19440
12766	16043
4030	24927
3476	16847
11022	19428
693	22759
918	15344
4273	16624
11656	15001
9245	21225
4483	18144
10284	15625
12284	23050
10577	18936
8179	25066
9433	19212
4968	15122
8268	22244
3863	23709
12365	13551
11451	24266
3605	25578
4018	13720
8566	25378
2383	20783
9981	21129
7477	23067
2961	20794
9900	15428
2860	20273
9398	19205
12326	22497
9677	24557
1503	21737
10096	21637
2188	18387
7901	24046
1086	17848
9385	23444
2596	16426
5945	15142
11330	17602
3400	17204
2895	16309
10452	22262
8721	13295
11050	21161
1741	19981
6701	23731
2682	14109
9527	14566
1219	23685
5198	20970
6926	25163
11133	18543
841	19666
3739	17994
122	19660
8866	21444
9603	24151
4512	24890
11926	21700
1734	19505
2420	17181
11513	19897
12611	12994
3116	20857
7988	14366
8792	23770
2025	19900
10736	13819
8709	23897
11592	19398
12715	25633
9386	15931
7365	13630
3314	24303
3202	23175
3328	18238
7699	16166
7314	25327
3366	15333
5781	22438
9325	19799
5352	24513
2803	21865
4420	21892
9832	17093
12589	24184
11175	18539
1709	25209
4073	12912
1210	18861
6641	19275
11193	15569
698	18379
1373	19372
1145	17874
12407	21447
2445	22410
3018	13228
2103	19698
4526	18786
10773	16919
3243	25062
12707	19750
546	14957
12581	21368
3831	13499
12818	23566
10027	22476
8883	22533
3971	13104
10164	14259
8097	15528
6582	17018
68	14404
12562	21501
10485	14517
9283	22633
5344	16261
513	23821
1731	20319
4101	22238
9259	15189
1642	16373
5083	16452
8570	25193
2617	15442
610	17170
4198	25589
9421	15065
8501	19999
10263	15504
10589	23716
6766	23662
11083	20471
4082	20849
8134	21829
8214	17404
11614	21784
4569	23426
3655	18220
12059	24739
5159	20293
8023	23448
6400	13897
4678	14073
325	14105
5371	22059
7269	15553
3158	25556
3779	14169
9757	16976
8371	22966
3638	19274
5903	17084
1058	22805
4594	22800
6002	22166
7156	21431
7225	22198
6343	16366
11197	15346
12373	14003
2010	16051
1369	24374
4238	14500
6829	19437
1398	17776
9096	18759
1447	19877
11909	24021
6872	13764
1353	24301
6591	23535
3080	23417
8933	17319
5504	19815
7583	13577
5751	21538
6666	23763
3772	13387
5660	23322
10247	21287
6424	16007
10792	16742
3843	22922
6893	25028
3899	17472
1586	22704
12484	22838
7030	16739
2217	23156
8749	16407
6719	24048
1008	16553
11074	23861
197	23901
1762	21573
12190	16729
11929	15483
216	12891
1512	18687
4289	15181
2648	13203
6640	19325
1521	18141
4024	23774
7111	20269
4213	18255
4959	23695
11163	15231
12265	16029
3429	17104
3601	15576
6912	24661
3049	25173
506	16293
11362	15948
3266	15592
10032	17294
6864	19752
11453	19397
1371	16572
10048	23406
3109	15167
5290	19298
10102	15418
3171	17234
4267	20393
11928	24149
7761	19834
2508	14227
6770	23978
3819	20389
5912	13160
1973	16451
12593	20138
3294	22779
6959	13665
9352	23331
9706	13333
5078	22062
2012	16499
5264	18874
2813	22418
5113	20280
9004	17379
10265	20830
6123	21873
6071	24410
11092	18596
9626	22451
12433	21549
8364	15241
11798	17288
12729	24898
6919	15595
6370	19528
2552	16714
6672	14674
11297	22974
7950	24502
1424	14812
6204	19973
10468	18500
7824	25007
4259	16086
1366	14269
9633	13956
1123	18234
4960	18707
3208	17889
6386	24993
645	22889
6220	15501
10213	20775
4508	20641
11809	24959
11249	17600
12161	22154
12849	25682
3922	21648
7513	14187
8518	17925
6863	13412
480	18700
988	15548
3137	23772
9602	19318
8702	23580
5967	17774
6179	20460
12451	24606
1662	18920
3441	21526
11200	13192
2745	15960
6801	19516
7621	25178
2338	15530
7248	16699
229	13404
6250	17414
6298	18858
743	24834
8544	21187
12816	21312
987	16561
12302	17493
2149	13848
10496	23003
7814	16356
1427	17709
9721	20067
3824	16389
12408	16098
3996	24655
1733	23247
9474	24582
10105	21132
2829	22638
8771	24405
8754	21726
11115	23919
2718	18340
11356	23677
12531	13731
9011	18421
6496	22235
12359	13751
5773	20967
10515	20556
9841	24240
2874	24268
8629	22902
9663	18595
5787	22842
9907	14558
4352	22298
3702	20394
10287	24023
12427	23717
7213	21112
4792	17419
11112	15781
5565	13595
10764	13169
6082	23440
8431	14396
12273	23118
1155	22763
6684	15378
8951	25391
2022	13740
10628	13500
4772	21116
1525	14444
293	18967
8170	17609
4565	12869
6018	20391
26	15225
3913	21870
4932	25313
3416	25607
10022	20577
6757	14769
11709	22287
9532	18349
3658	23623
8631	20264
6282	18880
11896	16213
6901	22721
5982	13697
1356	22326
4138	24465
10550	13912
11354	14022
8494	21521
8871	13211
8419	21288
11804	19171
8934	14131
1082	13224
12497	19178
556	23389
10943	22029
8789	21852
2587	17259
5313	20600
2385	16951
4485	13750
1981	15229
5701	21231
9591	14280
3992	21044
1242	14638
6051	22172
10092	18622
3832	24792
7935	20882
12065	25684
3872	20381
4527	20326
1101	22933
9844	23917
297	16492
3846	22864
1999	17232
8293	18381
2537	15269
11791	17921
1105	14243
4518	16628
246	13272
10578	16937
2586	14987
949	16465
3428	15978
752	16408
11327	16938
2260	24469
6301	23736
5994	24360
8553	15615
3993	25143
6015	25243
2742	17376
4841	25300
5570	15110
9209	19487
6855	22823
12788	13378
7675	13466
3278	16001
4216	19225
4067	20047
2029	13086
5334	17049
10457	14294
287	22719
8275	23925
4174	25307
2885	13421
1986	20054
11017	13890
10309	21863
6691	23991
1844	23626
6461	15847
3411	25569
771	18369
205	14112
6470	19776
825	18203
11739	17219
8667	24579
9472	20868
8197	16995
8719	13325
8398	24274
8579	19654
8766	16757
6345	18081
12299	19149
4437	23745
8893	18426
11492	14704
4562	13698
7569	21073
12610	20431
7087	18173
4248	20036
9795	21934
9174	18731
6078	17532
7339	25229
6815	13843
9590	17278
3185	20847
12808	15596
12276	14548
1208	12968
11359	25600
5108	20190
12115	22181
1698	19023
11959	12853
8085	22251
5800	23424
1338	20352
670	13460
11719	15683
6775	25463
6139	20985
1359	20044
2733	16219
10678	16967
9609	19586
9597	23260
11677	23267
346	14906
4297	20720
5256	20677
912	18316
618	21690
8288	25145
11004	14980
3435	18307
6778	19964
3272	16552
6045	18524
10552	16962
6795	25511
9947	22857
8585	18694
3198	24719
6667	21414
5574	17711
12486	19192
4572	19653
1991	15375
736	20116
4323	15117
2771	15519
10661	15672
913	22782
7825	19350
5867	19522
302	16529
4150	21105
9990	18343
6547	24550
12546	24061
8034	20434
9561	25604
3466	18870
8803	14822
3440	21527
7394	16419
7084	21820
10227	15969
3490	25381
5137	16565
484	14359
10641	13996
3900	22722
2774	17782
3746	15509
5300	20765
2768	24516
3114	19591
8888	22360
5127	18904
8693	25268
3362	15023
12369	20492
6451	21730
4686	16763
8935	13149
6502	21182
9296	12982
12215	15964
3345	16610
10919	22812
9761	20938
1231	20308
6229	21050
6339	24529
6735	21029
7642	21861
9293	22568
7778	14775
7349	14841
3311	22168
10034	21403
4221	18408
1335	19405
719	13225
12713	16435
4071	24648
7565	23429
5059	13530
10503	24144
7518	18196
8141	24418
5664	22697
11587	18513
10201	20020
10454	19957
2135	20718
12087	19137
8210	18888
9354	23072
12812	22947
12422	21555
1727	23686
9765	24279
6505	15249
8986	20612
12692	16781
12550	15858
5575	12884
11890	15458
3014	25258
9438	18090
8277	13162
8397	23950
5949	13641
319	15095
8158	13375
6166	24297
11153	23272
2328	14503
5328	22448
335	19904
7736	21682
11234	18139
5279	22659
4377	17555
8713	25549
7113	19070
2966	16930
1808	13401
2186	24534
8138	23226
8658	17923
948	20202
12144	15641
8957	15965
7504	23573
8937	20514
5530	19675
561	21174
4092	14217
8521	13009
8927	12984
6753	16749
9796	23239
2896	17411
11977	17733
10881	21463
3891	22689
12501	21398
5805	20482
11527	24839
943	15358
702	20230
10167	20935
9968	22345
9970	15546
10491	20217
1446	13730
920	24229
4025	22914
8432	15621
9955	22983
1168	14314
304	15818
9919	22108
43	24137
1043	24450
6435	14861
12687	21005
622	24376
4957	14390
5965	16463
10763	13038
6892	13694
4674	24920
4182	22336
12543	18443
9839	15475
7390	20829
9688	25252
2656	18010
160	14744
9088	15582
10970	18902
8722	15328
1415	16523
11691	17695
5516	21127
1081	23782
8745	20243
2289	22282
7540	18743
3098	16753
1293	14077
3924	24926
8209	14095
11869	16505
12594	22254
8146	17282
5085	20361
12446	23610
7970	19354
6101	21255
9521	21622
12145	21705
11823	22616
1903	15286
12048	24980
4739	14929
5153	24391
9228	18032
5702	14681
410	15486
8366	13905
1807	25227
11517	15196
1795	15857
2663	25010
8598	22213
2628	22643
11744	14630
3357	22917
844	21087
10823	20885
10223	21141
6373	23309
5635	23963
10572	14423
3579	17052
8535	20903
10214	23648
9702	15706
6203	15684
10127	15577
5885	23298
4217	21233
4188	24730
9803	19929
4083	13251
7458	23629
8661	14554
9730	15010
3957	24830
6989	20995
7202	24681
1127	20313
888	14578
12778	20423
5207	19139
7428	21365
12383	21954
12188	21346
2692	13089
8335	22111
6626	19919
9375	23924
12307	22563
4671	14885
7192	20709
6333	16668
5634	13217
8673	17678
5460	23084
7109	22564
11140	17391
8556	25647
3679	19806
2286	13627
11302	13517
3986	23198
8557	21691
545	16593
10135	21434
709	13651
6199	22274
10031	17461
10071	15624
7044	14312
6280	17382
1388	17792
9661	15061
8490	21685
3553	20166
4245	13479
12796	25084
3181	13839
4449	19717
11774	19729
10542	24073
8068	14122
10663	15433
7478	17632
8682	14310
8753	15517
4755	24523
6432	25596
8783	19001
2452	20513
6462	17772
8040	24211
2502	23811
11690	17050
5329	17016
11526	23722
4180	14356
492	25653
5110	19987
2081	16078
3925	23425
446	22565
11633	16233
12441	16799
9331	18571
798	23910
4843	18456
7494	22415
5831	14573
10254	19945
1654	16257
3369	24519
9291	23047
1249	19911
9733	13963
990	13024
11393	21176
8628	23845
9156	23525
10366	15505
6918	13425
8185	16718
11024	18148
2711	13634
916	13369
5542	22132
10062	17079
10475	16535
5004	22634
1501	15619
5669	23873
584	14421
4900	19232
3506	21185
12295	23410
6003	20837
10461	14865
5971	24592
7994	20827
3439	14801
3321	19427
2831	20971
2965	13237
6847	20553
12230	17730
5326	20110
11322	15262
4051	23992
5627	21710
8227	21478
7160	24472
6523	22899
3349	23512
8504	20477
1551	18834
5401	14617
9428	18113
8655	20646
10645	23561
8216	19041
5687	25680
12773	23965
9638	20203
5573	24085
2643	23879
10385	20560
11808	13039
1534	17596
7059	18586
9543	23523
1527	17832
1711	14297
11539	20473
4397	20175
4136	18022
5768	18996
9223	25466
3752	20733
9637	19638
6761	17742
4729	19324
6418	23666
11784	15534
4218	23269
7449	21643
11724	21490
1726	25361
2791	22691
2796	15481
2964	22192
3121	25112
8545	23797
10364	24771
11999	15356
8289	18875
4439	14629
11454	20302
7958	19976
2723	25025
11849	14961
314	19426
9442	20234
4606	24743
10492	14041
8869	21028
6290	24837
7067	20528
4078	14472
4201	25403
9350	18130
3998	13842
336	16459
5835	16404
8120	24499
6974	22237
11818	15366
6566	17737
6257	20402
11320	21286
2249	19474
12220	17059
5156	13051
2155	19546
11660	20149
8009	13738
12792	17729
426	15425
3756	25118
2672	21698
3987	25329
8253	18814
143	13220
2145	23439
1251	25508
8863	18720
7013	18328
7599	14935
2072	24109
1954	14971
7819	15749
12471	18497
11956	21210
9038	15618
7902	13313
1592	24020
6210	25427
7922	17914
10766	19008
11763	21196
1824	23743
12544	16040
11547	22877
11288	21626
5675	22607
9874	22421
12810	20554
5486	13136
2303	22012
8499	21268
4682	16578
3929	23830
10484	22515
8464	20638
4405	20661
4510	22869
6569	19384
461	19484
583	23091
7486	23342
1491	14360
2766	19686
4223	23799
4298	24794
7049	24969
11235	25004
11264	17670
7154	18982
7409	19595
1004	17821
9673	13688
5106	21993
646	18626
12119	14702
5474	24140
2615	15506
11528	16924
8413	21816
6765	22141
6264	19986
9579	14546
12779	20867
2808	13482
8853	14304
12195	16228
11828	18972
7646	21404
1197	18201
12110	12964
12223	22289
7170	15265
9101	18705
6371	14860
4847	23877
11114	20511
6211	16184
1612	21184
7455	25507
2209	24821
424	13919
6880	20256
2411	22243
4088	19936
5547	17032
4363	22670
172	13201
5305	20418
11750	24785
1288	18677
8529	19415
10967	14635
7775	13373
6249	23353
5012	25088
3753	19509
3620	21505
5940	22606
4690	13909
1798	22302
1311	25334
9608	18984
3315	17612
133	21724
12392	15123
2178	24454
5618	25075
4994	17751
9558	17627
9022	13782
9719	25312
11378	16216
5987	14873
2941	20377
12547	17960
9571	22388
1358	18702
3488	13648
11427	14807
10522	19103
2128	19741
6414	19332
8776	20478
8614	21480
8150	23371
712	16436
4530	15963
4999	24916
11666	20876
10010	19065
11860	22374
7595	20040
1767	24790
1306	22472
8484	18269
1087	18923
323	24364
4407	20839
9822	17680
4860	23020
952	13138
8816	16025
6776	19416
11210	23548
8743	13066
5556	18994
5040	14222
5875	17732
745	20069
9705	16264
7694	23889
6125	21697
4197	16500
1707	18436
8037	14902
9064	24338
3608	16461
3068	15583
10271	17985
6607	23943
7377	22484
8577	14130
7865	13221
8867	12948
3320	14542
11795	18174
345	15148
10758	20728
9864	23597
10950	21269
8338	23837
4478	21817
5578	14771
1830	21246
5321	15084
2979	25465
8819	22252
1518	24795
10606	18160
6085	25513
6637	17099
10035	21880
10921	19294
9235	22603
12559	21378
0	13907
12206	23203
3572	23660
4756	15985
1124	15531
4459	23753
1255	23729
7892	13569
3045	17750
4266	15943
6923	23499
10822	16801
4066	13814
315	14387
10121	16191
10345	21707
11398	22546
5877	18637
351	24639
10021	23273
6209	14392
8162	23983
1893	13252
12010	25071
6476	16616
7757	20599
792	14050
4883	17530
10453	24576
5016	17654
4854	21543
2248	25668
10326	15106
2389	14173
1934	17594
12298	23880
2923	15180
7943	17183
1813	25547
10424	19788
5755	16178
8422	22101
156	20615
1940	20916
7459	22283
12315	13908
6239	16291
941	22203
11897	20821
9134	22658
6587	19669
855	15565
6882	16598
1053	19321
6942	20671
3754	22082
8800	14695
757	17544
553	24245
11695	23856
8956	21520
10053	14644
6613	24842
6681	19255
10569	13867
4576	18397
8530	22814
8498	25614
718	15313
3510	21560
8025	22308
7548	18730
6161	24686
8029	16712
9974	20673
9519	13815
2610	23336
7421	16164
3977	24135
12274	25153
2659	24956
1869	15321
7999	24072
11583	20896
4435	16543
3525	21862
3155	21775
11893	14065
6419	16928
7085	14526
12619	14615
11495	19569
1598	25618
7372	19674
2685	25365
6296	21789
7585	19233
8689	18477
2397	22148
7467	18276
4379	13379
2230	19477
6097	22032
12623	17879
2413	20462
11010	21448
9787	16119
7057	16187
6076	23434
5572	25338
9171	14343
7126	22566
9070	18575
8075	13999
1270	15027
6433	13628
9373	25124
7255	25259
9365	17279
341	22079
7221	23922
3820	20387
1834	17842
11743	17643
6025	23545
795	23412
10257	16312
8768	18079
10804	22992
524	18450
12614	13173
5054	25545
5099	14845
3157	22516
8212	19823
10876	22195
7104	18009
8453	24509
2321	20002
3205	15631
4951	23507
8794	16772
7690	21967
7875	13343
4199	24358
12156	14372
10435	22654
10977	21125
6056	24905
2342	22138
7972	25644
9856	20173
1186	21084
8612	16280
4713	22450
7714	14471
2606	25637
7678	15221
9014	21544
281	15152
6538	18641
8970	24624
3972	18012
10693	13674
2295	21592
10514	16434
8727	22940
4338	20698
1094	13487
2592	12908
4411	13312
1237	20752
9786	13163
2256	17192
6567	22281
2638	16247
10754	17217
3021	23825
8999	25159
12428	16248
8414	16298
8219	19839
7855	19316
551	23536
5959	14399
9994	14081
11309	16530
4703	25442
7055	17672
8420	18793
6110	20029
10545	17580
3895	17934
8619	22153
2990	21749
8349	25664
2980	25491
4110	15601
3628	14754
1409	17231
9612	20161
6035	25156
7587	16701
7929	21734
8891	15111
5510	13602
11168	16394
6237	15643
10700	12938
11570	24096
1299	24716
9588	18541
7041	23981
6455	18782
2834	17897
1625	22430
1417	23887
6233	20593
11742	18469
1133	14203
3138	15338
2023	13429
5259	22278
10956	18941
7472	23599
4894	15270
6866	17403
5058	13781
5758	25454
3593	17780
11908	16314
8919	24873
3110	13942
3462	14839
4986	25215
2283	22661
3173	21552
6495	20659
6283	23833
1090	14968
11504	15610
3485	19924
4122	24903
6846	16052
3733	13103
11190	15226
4922	22373
8314	21821
5872	24589
9699	14144
2355	15171
10086	17273
4804	24791
9203	16270
901	20663
5500	24784
2817	15448
9155	15168
7282	15235
1990	17899
9862	22049
12412	22219
11792	24005
2837	16709
10795	15018
9051	24603
7483	15468
1126	19535
10428	16834
851	19411
10983	14002
8297	18587
5203	25014
6127	16137
12527	14614
6563	15343
4759	18658
2623	20124
7135	13471
2982	23185
6814	23209
4341	13866
12033	25686
9741	21043
12283	21066
4011	17641
4560	18026
3302	15635
7820	22371
1870	15599
12301	21582
7734	17306
4339	24444
10172	16966
11951	19456
3944	19329
3436	19622
3723	19239
4785	22679
1565	16956
9250	22615
12310	14319
1036	15698
9616	15058
2384	16706
8396	19079
10075	14214
8517	20496
5446	24703
6099	22984
1150	23594
9139	20996
11048	20467
12605	22496
8659	23625
12247	17623
12234	14869
8136	16395
728	22928
8991	25037
10357	18612
3930	13461
5592	20318
9482	13927
11696	21959
8735	19094
2970	16797
1982	25235
10699	19179
11025	17436
7844	16304
11606	23381
4778	21783
145	12856
124	24290
2899	25627
1346	19914
11899	19048
11082	22626
6884	21811
7810	23162
642	24762
4279	18784
10726	17649
8359	25204
12172	13098
4168	25380
2772	23872
9230	21303
11246	17858
534	19862
4117	25135
1694	17281
11873	22505
1944	25195
8845	18897
5115	19053
10107	23503
5730	13986
4372	21790
10513	21759
7323	13236
10683	22051
9117	14625
5544	23529
4139	19827
11035	17311
9875	15607
9414	21475
772	25414
1958	20507
6543	14825
9211	17639
8211	20185
2547	17228
2528	23562
7335	22291
11628	17939
11081	18661
6403	24952
2112	18598
11599	14837
6154	24389
5440	18072
7752	22351
7296	20901
11280	25332
8686	15163
5788	16798
1765	13046
7786	17137
6450	19518
7769	23484
10439	25154
11444	21483
4991	16694
9491	16935
11166	14910
9820	22738
6178	16895
2034	15252
12709	14134
11657	20222
9221	23288
12458	12979
11872	22196
298	15515
5934	23075
737	18484
7656	24755
8091	25339
7771	16445
869	24594
12344	19097
6967	14786
8756	17482
11665	18176
12567	19301
12646	22174
9050	14527
605	22201
7629	24201
11460	21436
4264	18499
9838	14067
1258	15739
4010	14647
8175	25674
10638	19644
2529	14698
4712	24063
2511	21995
6205	25267
12353	24179
11373	15804
7287	18241
6009	16158
7290	14862
10144	24904
3019	20779
4511	24232
12483	23445
7360	23030
2068	15939
4797	17152
1785	23786
903	24901
2900	16969
1760	22830
12378	17024
4368	17895
7045	23801
12476	20216
828	16785
5098	15713
11831	22628
3623	13901
8592	23048
4711	16630
3051	19413
8831	23546
8154	20543
3991	24990
4489	17487
5413	15881
12331	23131
3081	16361
11735	17304
5018	21472
1193	15622
5394	13861
10233	17350
3539	21976
7853	22086
4165	13966
4132	23033
11256	24310
1291	13775
932	14553
12090	18609
11647	24468
2667	21412
5644	19069
8039	20523
6950	23953
4700	17315
11318	23305
9190	21695
10302	21152
3376	16427
245	13255
7386	19362
3920	14139
4355	21973
7813	18506
7093	15336
8285	22293
7944	17518
7506	20966
5226	19549
275	13294
5585	20598
11992	24308
3999	20272
2794	19949
1809	23514
455	23243
1021	17588
9345	15649
9552	21437
5589	19175
9194	16318
1498	18474
2099	25396
10229	20432
8657	17465
9142	20767
8493	19158
2375	14459
11856	23068
11313	19611
2520	14199
6067	22229
2971	14363
316	15334
6503	12878
1929	22511
10495	20343
2734	16289
2399	16579
9940	22258
6378	14738
8207	16925
5234	18924
3264	19377
594	13684
7767	13413
409	14127
6279	17369
3276	24593
977	22990
847	16067
12696	20250
5962	13655
8421	15728
5412	22801
3794	20831
3676	13702
7861	15214
10746	14466
2280	25256
5654	20042
6954	16905
6168	16604
1399	17190
3310	20300
7957	23041
4490	18507
476	23795
4306	20312
4337	13888
2127	25107
6557	23266
3413	23949
3793	16239
9338	16186
10419	21487
7117	24053
7784	13802
6501	14063
2070	25199
10465	25148
6639	21780
7712	14373
1544	20136
10134	23533
